 	Area	Circ.	AR	Round	Solidity	Diameter	Volume
1	519.170	0.875	1.036	0.966	0.965	25.710	8898.735
2	616.061	0.878	1.032	0.969	0.968	28.007	11502.675
3	571.174	0.856	1.039	0.962	0.964	26.967	10268.729
4	640.610	0.880	1.033	0.968	0.972	28.560	12197.037
5	531.663	0.824	1.020	0.981	0.959	26.018	9221.850
6	562.604	0.856	1.028	0.973	0.961	26.764	10038.474
7	558.682	0.851	1.040	0.961	0.956	26.671	9933.685
8	555.486	0.824	1.158	0.863	0.954	26.594	9848.572
9	600.663	0.877	1.007	0.993	0.967	27.655	11074.133
10	530.936	0.835	1.139	0.878	0.958	26.000	9202.960
11	631.168	0.864	1.030	0.970	0.967	28.348	11928.370
12	580.762	0.839	1.060	0.944	0.957	27.193	10528.358
13	601.244	0.853	1.030	0.971	0.964	27.668	11090.205
14	513.795	0.809	1.020	0.980	0.941	25.577	8760.906
15	483.435	0.842	1.055	0.948	0.957	24.810	7995.975
16	528.757	0.833	1.092	0.916	0.965	25.947	9146.365
17	493.459	0.857	1.133	0.883	0.959	25.066	8245.932
18	616.061	0.854	1.067	0.937	0.962	28.007	11502.675
19	525.997	0.808	1.065	0.939	0.954	25.879	9074.845
20	472.976	0.810	1.185	0.844	0.936	24.540	7737.899
21	617.513	0.870	1.038	0.964	0.966	28.040	11543.383
22	558.682	0.826	1.084	0.923	0.948	26.671	9933.685
23	671.842	0.844	1.039	0.963	0.963	29.247	13099.781
24	583.957	0.840	1.067	0.937	0.961	27.268	10615.380
25	482.854	0.840	1.066	0.938	0.956	24.795	7981.563
26	590.204	0.847	1.024	0.977	0.966	27.413	10786.156
27	462.227	0.883	1.102	0.907	0.968	24.260	7475.611
28	579.454	0.878	1.035	0.966	0.968	27.162	10492.827
29	491.861	0.825	1.189	0.841	0.946	25.025	8205.912
30	512.488	0.885	1.042	0.959	0.967	25.544	8727.489
31	619.837	0.876	1.070	0.935	0.972	28.093	11608.615
32	615.044	0.873	1.030	0.971	0.971	27.984	11474.208
33	528.322	0.871	1.061	0.942	0.971	25.936	9135.060
34	547.642	0.858	1.061	0.943	0.961	26.406	9640.698
35	540.378	0.839	1.044	0.958	0.965	26.230	9449.544
36	580.326	0.863	1.094	0.914	0.969	27.183	10516.510
37	506.823	0.854	1.101	0.908	0.960	25.403	8583.174
38	529.048	0.856	1.058	0.945	0.961	25.954	9153.904
39	609.378	0.853	1.053	0.949	0.967	27.855	11316.038
40	522.947	0.805	1.131	0.884	0.952	25.804	8996.016
41	587.298	0.856	1.030	0.971	0.967	27.345	10706.612
42	552.726	0.885	1.057	0.946	0.969	26.528	9775.263
43	397.730	0.826	1.115	0.897	0.966	22.503	5966.870
44	511.762	0.844	1.029	0.972	0.959	25.526	8708.942
45	618.530	0.866	1.084	0.922	0.962	28.063	11571.907
46	505.661	0.857	1.063	0.940	0.965	25.374	8553.670
47	547.496	0.871	1.015	0.986	0.965	26.403	9636.862
48	525.271	0.821	1.045	0.957	0.955	25.861	9056.056
49	516.555	0.852	1.055	0.948	0.964	25.646	8831.594
50	582.069	0.894	1.043	0.959	0.974	27.223	10563.929
51	565.364	0.862	1.086	0.921	0.960	26.830	10112.434
52	575.242	0.868	1.028	0.973	0.965	27.063	10378.611
53	595.869	0.845	1.007	0.993	0.967	27.544	10941.829
54	525.416	0.858	1.126	0.888	0.964	25.865	9059.812
55	618.094	0.852	1.118	0.895	0.965	28.053	11559.679
56	481.837	0.874	1.041	0.961	0.965	24.769	7956.364
57	512.488	0.846	1.051	0.951	0.956	25.544	8727.489
58	521.204	0.847	1.097	0.911	0.962	25.761	8951.073
59	565.945	0.876	1.098	0.911	0.966	26.844	10128.027
60	479.223	0.837	1.028	0.973	0.962	24.702	7891.688
61	458.741	0.832	1.040	0.961	0.961	24.168	7391.195
62	597.322	0.861	1.022	0.978	0.964	27.578	10981.865
63	459.176	0.886	1.116	0.896	0.965	24.179	7401.729
64	529.629	0.869	1.056	0.947	0.965	25.968	9168.989
65	590.494	0.840	1.098	0.911	0.963	27.420	10794.121
66	579.890	0.872	1.093	0.915	0.965	27.172	10504.666
67	528.612	0.812	1.020	0.981	0.951	25.943	9142.596
68	631.023	0.848	1.110	0.901	0.967	28.345	11924.253
69	543.429	0.876	1.039	0.963	0.973	26.304	9529.673
70	490.844	0.869	1.057	0.946	0.963	24.999	8180.479
71	556.793	0.857	1.101	0.908	0.965	26.626	9883.361
72	502.029	0.849	1.050	0.953	0.955	25.282	8461.689
73	537.909	0.839	1.032	0.969	0.957	26.170	9384.843
74	516.120	0.853	1.041	0.961	0.961	25.635	8820.420
75	576.839	0.888	1.036	0.965	0.971	27.101	10421.885
76	538.635	0.877	1.022	0.978	0.969	26.188	9403.857
77	501.303	0.874	1.065	0.939	0.967	25.264	8443.332
78	533.406	0.840	1.007	0.993	0.959	26.061	9267.241
79	584.829	0.876	1.084	0.923	0.965	27.288	10639.154
80	493.168	0.829	1.122	0.891	0.965	25.058	8238.651
81	636.252	0.870	1.097	0.912	0.966	28.462	12072.789
82	494.621	0.880	1.058	0.945	0.968	25.095	8275.078
83	504.499	0.868	1.081	0.925	0.968	25.345	8524.200
84	561.006	0.863	1.039	0.963	0.964	26.726	9995.738
85	496.073	0.845	1.128	0.886	0.960	25.132	8311.559
86	486.195	0.862	1.054	0.949	0.968	24.881	8064.548
87	582.795	0.829	1.058	0.945	0.960	27.240	10583.708
88	568.705	0.874	1.035	0.966	0.968	26.909	10202.206
89	513.360	0.840	1.014	0.986	0.955	25.566	8749.762
90	559.844	0.867	1.057	0.946	0.969	26.699	9964.695
91	568.559	0.872	1.112	0.899	0.969	26.906	10198.298
92	549.966	0.843	1.117	0.896	0.958	26.462	9702.136
93	534.713	0.843	1.024	0.977	0.964	26.092	9301.333
94	512.343	0.860	1.058	0.945	0.959	25.541	8723.779
95	584.974	0.877	1.146	0.873	0.966	27.291	10643.118
96	533.406	0.844	1.060	0.943	0.959	26.061	9267.241
97	565.799	0.868	1.059	0.944	0.966	26.840	10124.128
98	546.189	0.871	1.011	0.989	0.968	26.371	9602.365
99	577.130	0.870	1.049	0.953	0.967	27.108	10429.759
100	494.330	0.860	1.045	0.957	0.963	25.088	8267.789
101	521.930	0.848	1.058	0.945	0.958	25.779	8969.790
102	713.096	0.831	1.091	0.917	0.965	30.132	14324.715
103	551.128	0.827	1.077	0.928	0.956	26.490	9732.904
104	524.109	0.896	1.027	0.974	0.974	25.832	9026.019
105	591.366	0.862	1.098	0.911	0.968	27.440	10818.028
106	625.067	0.870	1.014	0.986	0.969	28.211	11755.835
107	505.951	0.888	1.038	0.964	0.970	25.381	8561.043
108	528.757	0.868	1.046	0.956	0.969	25.947	9146.365
109	504.208	0.842	1.073	0.932	0.950	25.337	8516.838
110	486.341	0.852	1.049	0.953	0.961	24.884	8068.162
111	543.138	0.870	1.103	0.906	0.968	26.297	9522.032
112	592.092	0.844	1.067	0.937	0.959	27.457	10837.964
113	578.873	0.878	1.038	0.963	0.971	27.149	10477.048
114	485.179	0.829	1.047	0.955	0.956	24.855	8039.261
115	514.231	0.824	1.138	0.878	0.959	25.588	8772.055
116	547.642	0.832	1.055	0.948	0.954	26.406	9640.698
117	601.244	0.873	1.075	0.930	0.967	27.668	11090.205
118	526.724	0.859	1.031	0.970	0.965	25.897	9093.648
119	569.722	0.810	1.073	0.932	0.949	26.933	10229.581
120	582.069	0.843	1.066	0.938	0.959	27.223	10563.929
121	536.311	0.880	1.013	0.987	0.972	26.131	9343.057
122	517.282	0.857	1.090	0.918	0.963	25.664	8850.227
123	585.265	0.853	1.051	0.951	0.966	27.298	10651.048
124	539.071	0.843	1.018	0.982	0.966	26.199	9415.272
125	601.970	0.862	1.029	0.972	0.970	27.685	11110.307
126	561.732	0.881	1.059	0.944	0.966	26.744	10015.156
127	489.246	0.862	1.068	0.936	0.964	24.959	8140.565
128	537.618	0.884	1.037	0.964	0.968	26.163	9377.241
129	626.229	0.857	1.050	0.952	0.969	28.237	11788.634
130	674.747	0.821	1.115	0.897	0.964	29.311	13184.845
131	628.117	0.861	1.102	0.907	0.968	28.280	11841.998
132	605.166	0.839	1.031	0.970	0.957	27.758	11198.899
133	571.465	0.838	1.014	0.987	0.960	26.974	10276.565
134	528.322	0.852	1.056	0.947	0.961	25.936	9135.060
135	572.917	0.885	1.051	0.951	0.964	27.009	10315.774
136	502.174	0.820	1.182	0.846	0.949	25.286	8465.362
137	562.023	0.862	1.057	0.946	0.964	26.751	10022.926
138	544.882	0.885	1.064	0.940	0.969	26.339	9567.909
139	562.894	0.869	1.029	0.972	0.965	26.771	10046.251
140	502.610	0.869	1.047	0.956	0.966	25.297	8476.383
141	505.370	0.879	1.058	0.945	0.966	25.366	8546.299
142	585.555	0.860	1.074	0.931	0.964	27.305	10658.980
143	646.130	0.854	1.023	0.978	0.965	28.682	12355.025
144	531.953	0.846	1.036	0.965	0.961	26.025	9229.410
145	592.528	0.848	1.090	0.918	0.969	27.467	10849.932
146	529.629	0.865	1.023	0.978	0.964	25.968	9168.989
147	649.035	0.858	1.048	0.954	0.966	28.747	12438.448
148	506.096	0.874	1.089	0.919	0.965	25.385	8564.730
149	583.667	0.847	1.019	0.981	0.962	27.261	10607.459
150	536.747	0.825	1.096	0.912	0.951	26.142	9354.447
151	541.541	0.846	1.048	0.954	0.963	26.259	9480.043
152	550.837	0.871	1.074	0.932	0.965	26.483	9725.209
153	621.435	0.872	1.007	0.993	0.970	28.129	11653.533
154	632.766	0.857	1.049	0.953	0.966	28.384	11973.697
155	527.014	0.864	1.071	0.934	0.962	25.904	9101.173
156	636.543	0.867	1.032	0.969	0.967	28.469	12081.059
157	574.370	0.855	1.039	0.962	0.963	27.043	10355.032
158	547.061	0.876	1.019	0.981	0.969	26.392	9625.359
159	560.280	0.863	1.010	0.990	0.968	26.709	9976.332
160	611.122	0.880	1.039	0.962	0.969	27.895	11364.628
161	608.071	0.891	1.025	0.975	0.972	27.825	11279.641
162	510.309	0.852	1.155	0.866	0.954	25.490	8671.888
163	540.378	0.875	1.061	0.942	0.967	26.230	9449.544
164	511.181	0.855	1.047	0.955	0.962	25.512	8694.114
165	600.808	0.860	1.084	0.922	0.967	27.658	11078.150
166	586.282	0.865	1.015	0.985	0.966	27.322	10678.818
167	468.473	0.870	1.021	0.979	0.962	24.423	7627.655
168	509.002	0.871	1.110	0.901	0.968	25.457	8638.585
169	524.109	0.889	1.023	0.977	0.970	25.832	9026.019
170	547.496	0.875	1.110	0.901	0.971	26.403	9636.862
171	841.654	0.865	1.162	0.861	0.962	32.736	18368.098
172	507.985	0.853	1.066	0.938	0.965	25.432	8612.711
173	574.079	0.873	1.036	0.966	0.966	27.036	10347.176
174	505.370	0.837	1.101	0.909	0.955	25.366	8546.299
175	585.265	0.887	1.065	0.939	0.967	27.298	10651.048
176	528.903	0.868	1.053	0.950	0.967	25.950	9150.134
177	428.816	0.857	1.075	0.931	0.959	23.366	6679.916
178	508.421	0.872	1.075	0.930	0.963	25.443	8623.797
179	874.774	0.867	1.040	0.962	0.972	33.374	19462.901
180	589.477	0.864	1.113	0.899	0.966	27.396	10766.251
181	538.635	0.888	1.023	0.978	0.970	26.188	9403.857
182	554.033	0.863	1.058	0.945	0.967	26.560	9809.965
183	546.915	0.875	1.056	0.947	0.973	26.389	9621.525
184	617.368	0.861	1.110	0.901	0.968	28.037	11539.310
185	664.143	0.862	1.160	0.862	0.973	29.079	12875.253
186	516.701	0.874	1.066	0.938	0.966	25.649	8835.319
187	595.869	0.881	1.069	0.936	0.971	27.544	10941.829
188	542.703	0.887	1.055	0.948	0.973	26.287	9510.574
189	518.589	0.800	1.051	0.951	0.945	25.696	8883.800
190	521.785	0.843	1.053	0.950	0.958	25.775	8966.045
191	533.406	0.807	1.048	0.954	0.953	26.061	9267.241
192	545.027	0.867	1.082	0.924	0.965	26.343	9571.736
193	543.138	0.860	1.086	0.921	0.969	26.297	9522.032
194	534.713	0.868	1.087	0.920	0.967	26.092	9301.333
195	602.987	0.866	1.063	0.941	0.969	27.708	11138.470
196	540.233	0.862	1.043	0.959	0.969	26.227	9445.734
197	578.728	0.848	1.035	0.966	0.964	27.145	10473.105
198	692.905	0.864	1.002	0.998	0.969	29.702	13720.629
199	534.858	0.869	1.013	0.987	0.970	26.096	9305.123
200	551.709	0.874	1.038	0.963	0.967	26.504	9748.300
201	521.349	0.826	1.016	0.984	0.961	25.764	8954.815
202	544.155	0.863	1.046	0.956	0.960	26.322	9548.785
203	522.802	0.868	1.012	0.988	0.964	25.800	8992.267
204	532.098	0.849	1.024	0.977	0.962	26.029	9233.191
205	555.195	0.834	1.042	0.960	0.956	26.588	9840.847
206	531.082	0.879	1.023	0.977	0.966	26.004	9206.737
207	577.275	0.875	1.031	0.970	0.969	27.111	10433.697
208	542.122	0.863	1.106	0.904	0.970	26.273	9495.305
209	544.155	0.876	1.033	0.968	0.965	26.322	9548.785
210	575.823	0.883	1.033	0.969	0.969	27.077	10394.340
211	572.627	0.883	1.041	0.961	0.970	27.002	10307.928
212	588.315	0.860	1.070	0.935	0.966	27.369	10734.430
213	574.661	0.838	1.045	0.957	0.957	27.050	10362.890
214	615.770	0.884	1.038	0.963	0.972	28.000	11494.539
215	530.936	0.874	1.057	0.946	0.972	26.000	9202.960
216	541.831	0.860	1.017	0.983	0.966	26.266	9487.673
217	596.450	0.876	1.030	0.971	0.973	27.558	10957.838
218	544.736	0.863	1.098	0.911	0.963	26.336	9564.083
219	546.625	0.860	1.048	0.954	0.963	26.382	9613.860
220	487.357	0.854	1.117	0.895	0.963	24.910	8093.479
221	550.547	0.875	1.032	0.969	0.968	26.476	9717.516
222	506.242	0.858	1.062	0.942	0.963	25.388	8568.417
223	570.157	0.821	1.063	0.941	0.954	26.943	10241.320
224	529.048	0.847	1.074	0.931	0.957	25.954	9153.904
225	560.134	0.850	1.018	0.983	0.967	26.706	9972.453
226	548.658	0.871	1.067	0.937	0.967	26.431	9667.561
227	542.993	0.835	1.044	0.958	0.960	26.294	9518.212
228	541.686	0.863	1.017	0.983	0.964	26.262	9483.858
229	571.465	0.885	1.046	0.956	0.968	26.974	10276.565
230	508.275	0.836	1.044	0.958	0.952	25.439	8620.101
231	548.077	0.826	1.018	0.982	0.959	26.417	9652.208
232	553.016	0.851	1.177	0.850	0.965	26.535	9782.971
233	518.153	0.838	1.067	0.937	0.952	25.685	8872.604
234	533.696	0.859	1.098	0.911	0.965	26.068	9274.813
235	524.981	0.861	1.036	0.966	0.965	25.854	9048.543
236	632.330	0.850	1.067	0.937	0.963	28.374	11961.329
237	573.644	0.865	1.042	0.959	0.968	27.026	10335.397
238	555.195	0.856	1.060	0.943	0.964	26.588	9840.847
239	556.357	0.812	1.049	0.954	0.955	26.615	9871.760
240	546.770	0.820	1.106	0.904	0.946	26.385	9617.692
241	522.947	0.881	1.035	0.966	0.969	25.804	8996.016
242	614.027	0.809	1.055	0.948	0.951	27.961	11445.765
243	574.951	0.858	1.058	0.946	0.969	27.056	10370.749
244	528.903	0.857	1.087	0.920	0.964	25.950	9150.134
245	597.612	0.838	1.023	0.978	0.961	27.584	10989.878
246	512.052	0.866	1.031	0.970	0.972	25.534	8716.359
247	531.953	0.879	1.086	0.921	0.968	26.025	9229.410
248	592.964	0.865	1.021	0.980	0.967	27.477	10861.904
249	511.326	0.854	1.144	0.874	0.958	25.515	8697.820
250	526.433	0.858	1.045	0.957	0.964	25.890	9086.125
251	505.370	0.844	1.020	0.981	0.964	25.366	8546.299
252	560.425	0.882	1.029	0.972	0.968	26.712	9980.212
253	592.237	0.876	1.034	0.967	0.971	27.460	10841.953
254	539.362	0.847	1.059	0.944	0.964	26.206	9422.885
255	603.713	0.876	1.100	0.909	0.968	27.725	11158.601
256	505.661	0.852	1.075	0.930	0.960	25.374	8553.670
257	481.256	0.809	1.015	0.985	0.956	24.754	7941.977
258	588.461	0.834	1.054	0.949	0.955	27.372	10738.406
259	557.955	0.828	1.004	0.996	0.950	26.654	9914.319
260	538.635	0.830	1.077	0.928	0.952	26.188	9403.857
261	543.284	0.851	1.044	0.958	0.962	26.301	9525.852
262	549.821	0.857	1.051	0.952	0.964	26.459	9698.292
263	585.555	0.846	1.053	0.950	0.960	27.305	10658.980
264	582.214	0.869	1.010	0.990	0.965	27.227	10567.883
265	574.951	0.841	1.011	0.990	0.959	27.056	10370.749
266	622.888	0.868	1.028	0.973	0.969	28.162	11694.418
267	451.042	0.844	1.012	0.988	0.958	23.964	7205.910
268	448.427	0.840	1.116	0.896	0.947	23.895	7143.341
269	489.101	0.855	1.032	0.969	0.960	24.955	8136.940
270	576.985	0.833	1.069	0.936	0.956	27.104	10425.822
271	532.825	0.868	1.085	0.922	0.966	26.046	9252.103
272	591.075	0.840	1.082	0.924	0.960	27.433	10810.057
273	517.717	0.851	1.105	0.905	0.965	25.674	8861.413
274	529.338	0.852	1.041	0.960	0.962	25.961	9161.445
275	581.197	0.878	1.060	0.943	0.972	27.203	10540.210
276	591.221	0.839	1.071	0.933	0.957	27.437	10814.042
277	524.835	0.880	1.049	0.953	0.966	25.850	9044.788
278	490.117	0.825	1.194	0.837	0.951	24.981	8162.328
279	497.381	0.863	1.070	0.935	0.961	25.165	8344.438
280	519.170	0.854	1.046	0.956	0.959	25.710	8898.735
281	502.320	0.873	1.111	0.900	0.963	25.290	8469.035
282	545.898	0.856	1.044	0.958	0.960	26.364	9594.705
283	548.223	0.857	1.099	0.910	0.966	26.420	9656.045
284	842.671	0.807	1.079	0.927	0.954	32.755	18401.395
285	532.680	0.821	1.042	0.960	0.958	26.043	9248.319
286	577.711	0.869	1.039	0.963	0.967	27.121	10445.514
287	521.204	0.841	1.071	0.934	0.948	25.761	8951.073
288	572.917	0.856	1.021	0.979	0.967	27.009	10315.774
289	469.054	0.856	1.095	0.913	0.968	24.438	7641.850
290	494.040	0.811	1.061	0.943	0.943	25.080	8260.501
291	604.149	0.879	1.085	0.921	0.969	27.735	11170.686
292	530.065	0.881	1.043	0.959	0.968	25.979	9180.308
293	593.835	0.852	1.039	0.963	0.966	27.497	10885.861
294	537.328	0.882	1.042	0.960	0.969	26.156	9369.641
295	555.922	0.854	1.082	0.925	0.963	26.605	9860.164
296	553.452	0.886	1.008	0.992	0.969	26.546	9794.537
297	859.376	0.857	1.007	0.993	0.966	33.079	18951.286
298	491.134	0.867	1.009	0.991	0.964	25.007	8187.743
299	551.418	0.853	1.123	0.890	0.964	26.497	9740.601
300	567.833	0.850	1.083	0.923	0.961	26.888	10178.762
301	504.644	0.878	1.022	0.978	0.964	25.348	8527.882
302	514.812	0.875	1.013	0.987	0.969	25.602	8786.927
303	531.517	0.872	1.024	0.976	0.964	26.014	9218.071
304	552.145	0.876	1.067	0.937	0.967	26.514	9759.852
305	619.402	0.805	1.026	0.974	0.960	28.083	11596.375
306	557.520	0.879	1.052	0.951	0.972	26.643	9902.706
307	563.185	0.859	1.022	0.978	0.964	26.778	10054.029
308	502.901	0.828	1.069	0.935	0.952	25.304	8483.734
309	545.753	0.827	1.081	0.925	0.953	26.360	9590.875
310	767.715	0.871	1.066	0.938	0.971	31.265	16001.619
311	557.374	0.877	1.048	0.954	0.968	26.640	9898.836
312	564.202	0.875	1.031	0.970	0.968	26.802	10081.271
313	543.720	0.862	1.033	0.968	0.965	26.311	9537.316
314	549.821	0.854	1.088	0.919	0.963	26.459	9698.292
315	528.031	0.845	1.082	0.924	0.963	25.929	9127.526
316	574.951	0.877	1.020	0.980	0.969	27.056	10370.749
317	562.168	0.853	1.039	0.962	0.959	26.754	10026.812
318	628.263	0.847	1.048	0.954	0.965	28.283	11846.106
319	575.242	0.873	1.076	0.929	0.964	27.063	10378.611
320	529.193	0.836	1.045	0.957	0.952	25.957	9157.674
321	580.326	0.839	1.043	0.958	0.964	27.183	10516.510
322	542.703	0.858	1.157	0.864	0.955	26.287	9510.574
323	536.456	0.856	1.038	0.963	0.961	26.135	9346.853
324	542.557	0.858	1.032	0.969	0.965	26.283	9506.756
325	507.113	0.862	1.031	0.970	0.962	25.410	8590.555
326	609.814	0.846	1.080	0.926	0.960	27.865	11328.179
327	577.421	0.890	1.023	0.978	0.973	27.114	10437.636
328	514.376	0.846	1.025	0.975	0.961	25.591	8775.772
329	520.042	0.847	1.085	0.922	0.964	25.732	8921.153
330	549.094	0.866	1.051	0.951	0.964	26.441	9679.081
331	506.387	0.874	1.071	0.933	0.968	25.392	8572.106
332	557.374	0.855	1.022	0.978	0.963	26.640	9898.836
333	518.298	0.862	1.031	0.969	0.965	25.689	8876.336
334	581.633	0.881	1.054	0.949	0.971	27.213	10552.067
335	626.519	0.871	1.019	0.982	0.972	28.244	11796.838
336	505.661	0.837	1.064	0.940	0.954	25.374	8553.670
337	607.490	0.855	1.017	0.983	0.966	27.812	11263.477
338	558.827	0.865	1.040	0.962	0.963	26.674	9937.559
339	630.296	0.864	1.024	0.977	0.965	28.329	11903.671
340	460.193	0.856	1.082	0.925	0.962	24.206	7426.329
341	574.515	0.883	1.095	0.913	0.970	27.046	10358.961
342	609.959	0.866	1.021	0.979	0.969	27.868	11332.227
343	414.871	0.872	1.061	0.942	0.964	22.983	6356.730
344	577.711	0.875	1.021	0.979	0.969	27.121	10445.514
345	570.593	0.876	1.028	0.973	0.966	26.954	10253.064
346	544.736	0.852	1.040	0.961	0.966	26.336	9564.083
347	564.783	0.893	1.035	0.966	0.972	26.816	10096.848
348	495.492	0.842	1.101	0.908	0.958	25.117	8296.961
349	554.760	0.887	1.014	0.986	0.974	26.577	9829.262
350	523.818	0.859	1.145	0.874	0.968	25.825	9018.515
351	596.741	0.847	1.092	0.915	0.966	27.564	10965.845
352	563.185	0.878	1.099	0.910	0.968	26.778	10054.029
353	537.909	0.835	1.077	0.928	0.958	26.170	9384.843
354	524.254	0.858	1.038	0.963	0.961	25.836	9029.772
355	508.711	0.877	1.034	0.967	0.967	25.450	8631.190
356	506.242	0.857	1.132	0.883	0.964	25.388	8568.417
357	617.368	0.849	1.055	0.948	0.963	28.037	11539.310
358	607.781	0.856	1.076	0.930	0.965	27.818	11271.558
359	612.574	0.881	1.015	0.985	0.971	27.928	11405.172
360	519.896	0.871	1.038	0.963	0.962	25.728	8917.415
361	514.086	0.885	1.033	0.968	0.969	25.584	8768.338
362	488.955	0.871	1.002	0.998	0.963	24.951	8133.315
363	508.130	0.822	1.109	0.902	0.955	25.436	8616.406
364	541.105	0.856	1.013	0.987	0.963	26.248	9468.602
365	555.486	0.856	1.060	0.944	0.965	26.594	9848.572
366	490.263	0.875	1.104	0.906	0.963	24.984	8165.957
367	560.570	0.876	1.044	0.958	0.969	26.716	9984.093
368	498.397	0.873	1.092	0.916	0.961	25.191	8370.040
369	563.330	0.861	1.031	0.970	0.964	26.782	10057.919
370	588.025	0.867	1.068	0.936	0.963	27.362	10726.479
371	584.829	0.873	1.035	0.966	0.971	27.288	10639.154
372	571.610	0.853	1.030	0.971	0.960	26.978	10280.484
373	541.976	0.808	1.160	0.862	0.950	26.269	9491.488
374	563.766	0.872	1.040	0.962	0.958	26.792	10069.593
375	579.599	0.851	1.018	0.983	0.964	27.166	10496.773
376	534.132	0.881	1.048	0.954	0.969	26.078	9286.176
377	510.745	0.892	1.031	0.970	0.971	25.501	8682.999
378	550.983	0.879	1.073	0.932	0.967	26.486	9729.056
379	601.825	0.863	1.084	0.922	0.967	27.682	11106.286
380	601.679	0.860	1.045	0.957	0.962	27.678	11102.265
381	570.157	0.878	1.012	0.988	0.969	26.943	10241.320
382	567.107	0.871	1.062	0.942	0.965	26.871	10159.239
383	538.926	0.824	1.171	0.854	0.953	26.195	9411.467
384	551.709	0.823	1.031	0.970	0.954	26.504	9748.300
385	546.480	0.876	1.100	0.909	0.968	26.378	9610.028
386	521.204	0.834	1.129	0.886	0.959	25.761	8951.073
387	595.288	0.808	1.011	0.989	0.948	27.531	10925.828
388	483.581	0.878	1.048	0.954	0.965	24.814	7999.579
389	534.132	0.841	1.047	0.955	0.958	26.078	9286.176
390	556.938	0.860	1.041	0.961	0.959	26.629	9887.229
391	519.606	0.866	1.073	0.932	0.968	25.721	8909.942
392	529.920	0.821	1.018	0.982	0.956	25.975	9176.534
393	636.543	0.888	1.029	0.972	0.976	28.469	12081.059
394	511.907	0.848	1.051	0.951	0.955	25.530	8712.651
395	559.698	0.864	1.070	0.935	0.966	26.695	9960.817
396	587.153	0.816	1.022	0.979	0.952	27.342	10702.640
397	581.052	0.853	1.074	0.931	0.965	27.200	10536.259
398	528.176	0.869	1.053	0.950	0.965	25.933	9131.293
399	565.509	0.856	1.039	0.963	0.964	26.833	10116.331
400	520.187	0.853	1.073	0.932	0.963	25.736	8924.891
401	477.770	0.873	1.027	0.974	0.966	24.664	7855.833
402	543.865	0.881	1.060	0.943	0.967	26.315	9541.139
403	515.538	0.874	1.095	0.913	0.961	25.620	8805.529
404	610.686	0.805	1.008	0.992	0.943	27.885	11352.474
405	633.783	0.881	1.112	0.899	0.969	28.407	12002.570
406	607.345	0.818	1.065	0.939	0.961	27.808	11259.438
407	558.391	0.862	1.023	0.977	0.965	26.664	9925.937
408	625.503	0.856	1.150	0.869	0.962	28.221	11768.131
409	627.536	0.852	1.014	0.987	0.962	28.267	11825.570
410	653.829	0.845	1.237	0.808	0.965	28.853	12576.505
411	572.627	0.826	1.098	0.910	0.956	27.002	10307.928
412	570.738	0.884	1.047	0.955	0.969	26.957	10256.980
413	590.930	0.875	1.020	0.980	0.967	27.430	10806.072
414	598.774	0.862	1.089	0.918	0.969	27.611	11021.950
415	622.307	0.865	1.026	0.975	0.966	28.149	11678.058
416	522.511	0.875	1.066	0.938	0.970	25.793	8984.773
417	567.978	0.882	1.042	0.960	0.974	26.892	10182.668
418	579.599	0.891	1.036	0.965	0.970	27.166	10496.773
419	539.216	0.865	1.023	0.978	0.961	26.202	9419.078
420	513.795	0.859	1.078	0.928	0.967	25.577	8760.906
421	556.938	0.862	1.092	0.916	0.968	26.629	9887.229
422	546.480	0.864	1.032	0.969	0.966	26.378	9610.028
423	509.147	0.862	1.102	0.907	0.963	25.461	8642.283
424	569.286	0.868	1.020	0.980	0.967	26.923	10217.846
425	610.976	0.860	1.011	0.989	0.967	27.891	11360.576
426	610.831	0.873	1.039	0.963	0.969	27.888	11356.525
427	539.797	0.871	1.090	0.917	0.970	26.216	9434.307
428	647.437	0.803	1.056	0.947	0.948	28.711	12392.542
429	578.147	0.820	1.067	0.937	0.953	27.132	10457.336
430	561.442	0.845	1.055	0.948	0.958	26.737	10007.387
431	560.570	0.853	1.116	0.896	0.963	26.716	9984.093
432	578.002	0.876	1.051	0.952	0.967	27.128	10453.395
433	513.214	0.866	1.029	0.972	0.959	25.563	8746.049
434	539.362	0.813	1.099	0.910	0.955	26.206	9422.885
435	607.054	0.835	1.020	0.980	0.960	27.802	11251.360
436	587.589	0.877	1.014	0.986	0.964	27.352	10714.557
437	794.444	0.836	1.027	0.974	0.956	31.804	16844.508
438	555.341	0.831	1.028	0.973	0.961	26.591	9844.709
439	490.989	0.851	1.132	0.884	0.958	25.003	8184.111
440	559.698	0.853	1.056	0.947	0.967	26.695	9960.817
441	573.208	0.881	1.026	0.975	0.969	27.015	10323.621
442	504.644	0.853	1.049	0.953	0.956	25.348	8527.882
443	508.856	0.840	1.040	0.962	0.955	25.454	8634.887
444	489.827	0.835	1.213	0.824	0.959	24.973	8155.072
445	553.016	0.836	1.077	0.928	0.963	26.535	9782.971
446	752.753	0.862	1.030	0.971	0.966	30.959	15536.120
447	532.680	0.835	1.076	0.930	0.961	26.043	9248.319
448	492.732	0.872	1.070	0.935	0.968	25.047	8227.733
449	543.720	0.870	1.071	0.934	0.967	26.311	9537.316
450	543.284	0.861	1.035	0.966	0.964	26.301	9525.852
451	593.399	0.865	1.012	0.988	0.967	27.487	10873.880
452	572.627	0.861	1.032	0.969	0.962	27.002	10307.928
453	591.511	0.850	1.008	0.992	0.965	27.443	10822.014
454	633.202	0.880	1.057	0.946	0.969	28.394	11986.068
455	541.831	0.865	1.032	0.969	0.963	26.266	9487.673
456	490.408	0.889	1.049	0.953	0.975	24.988	8169.587
457	573.498	0.843	1.083	0.924	0.959	27.022	10331.471
458	513.795	0.873	1.106	0.904	0.966	25.577	8760.906
459	645.258	0.830	1.008	0.992	0.957	28.663	12330.034
460	582.069	0.872	1.010	0.990	0.967	27.223	10563.929
461	791.829	0.808	1.056	0.947	0.950	31.752	16761.417
462	550.983	0.888	1.048	0.955	0.972	26.486	9729.056
463	561.296	0.813	1.070	0.935	0.958	26.733	10003.503
464	653.248	0.825	1.212	0.825	0.954	28.840	12559.744
465	566.816	0.806	1.072	0.933	0.944	26.864	10151.433
466	565.364	0.811	1.046	0.956	0.967	26.830	10112.434
467	564.492	0.878	1.090	0.918	0.969	26.809	10089.058
468	568.705	0.866	1.022	0.978	0.966	26.909	10202.206
469	593.981	0.870	1.044	0.958	0.969	27.501	10889.855
470	582.650	0.859	1.049	0.953	0.970	27.237	10579.751
471	605.021	0.843	1.057	0.946	0.963	27.755	11194.867
472	568.705	0.879	1.047	0.955	0.969	26.909	10202.206
473	524.254	0.865	1.026	0.974	0.963	25.836	9029.772
474	571.610	0.893	1.057	0.946	0.972	26.978	10280.484
475	575.387	0.861	1.007	0.993	0.965	27.067	10382.542
476	478.496	0.840	1.229	0.813	0.963	24.683	7873.754
477	558.246	0.866	1.085	0.922	0.966	26.660	9922.064
478	609.814	0.887	1.030	0.971	0.966	27.865	11328.179
479	548.949	0.828	1.047	0.955	0.957	26.438	9675.241
480	569.431	0.863	1.044	0.958	0.965	26.926	10221.757
481	513.795	0.870	1.069	0.936	0.963	25.577	8760.906
482	460.774	0.884	1.066	0.938	0.966	24.221	7440.399
483	556.503	0.859	1.083	0.923	0.962	26.619	9875.627
484	632.766	0.866	1.017	0.984	0.963	28.384	11973.697
485	631.604	0.838	1.117	0.895	0.959	28.358	11940.726
486	656.444	0.878	1.041	0.961	0.974	28.910	12652.023
487	609.959	0.835	1.036	0.965	0.960	27.868	11332.227
488	619.837	0.856	1.109	0.902	0.964	28.093	11608.615
489	555.631	0.883	1.094	0.914	0.970	26.598	9852.436
490	598.048	0.846	1.081	0.925	0.966	27.595	11001.901
491	522.511	0.868	1.087	0.920	0.964	25.793	8984.773
492	585.701	0.864	1.052	0.950	0.967	27.308	10662.947
493	562.168	0.814	1.084	0.923	0.955	26.754	10026.812
494	481.692	0.884	1.078	0.928	0.966	24.765	7952.766
495	550.983	0.857	1.001	0.999	0.960	26.486	9729.056
496	475.882	0.892	1.046	0.956	0.967	24.615	7809.303
497	529.629	0.891	1.023	0.978	0.976	25.968	9168.989
498	516.846	0.828	1.138	0.879	0.957	25.653	8839.045
499	552.871	0.810	1.022	0.979	0.945	26.532	9779.117
500	602.696	0.870	1.035	0.966	0.965	27.702	11130.421
501	574.515	0.866	1.016	0.984	0.967	27.046	10358.961
502	511.326	0.873	1.040	0.962	0.961	25.515	8697.820
503	538.054	0.810	1.124	0.890	0.955	26.174	9388.645
504	518.880	0.858	1.125	0.889	0.968	25.703	8891.266
505	570.884	0.874	1.028	0.973	0.964	26.961	10260.896
506	555.195	0.875	1.019	0.982	0.966	26.588	9840.847
507	489.682	0.872	1.003	0.997	0.962	24.970	8151.444
508	588.896	0.876	1.083	0.923	0.968	27.383	10750.337
509	544.010	0.846	1.060	0.943	0.965	26.318	9544.961
510	644.532	0.844	1.023	0.977	0.965	28.647	12309.222
511	549.821	0.849	1.083	0.923	0.962	26.459	9698.292
512	525.271	0.861	1.028	0.973	0.966	25.861	9056.056
513	552.290	0.882	1.054	0.949	0.971	26.518	9763.704
514	514.522	0.879	1.031	0.970	0.968	25.595	8779.490
515	477.770	0.875	1.102	0.908	0.968	24.664	7855.833
516	540.088	0.880	1.059	0.945	0.969	26.223	9441.925
517	559.117	0.829	1.062	0.941	0.965	26.681	9945.310
518	566.235	0.841	1.092	0.916	0.955	26.851	10135.827
519	574.370	0.883	1.026	0.974	0.970	27.043	10355.032
520	558.972	0.864	1.125	0.889	0.963	26.678	9941.434
521	549.966	0.861	1.092	0.916	0.961	26.462	9702.136
522	571.610	0.861	1.097	0.912	0.960	26.978	10280.484
523	477.189	0.884	1.037	0.964	0.964	24.649	7841.506
524	477.915	0.857	1.074	0.931	0.963	24.668	7859.416
525	560.570	0.869	1.039	0.963	0.969	26.716	9984.093
526	527.160	0.836	1.023	0.978	0.956	25.908	9104.936
527	535.440	0.850	1.025	0.976	0.957	26.110	9320.290
528	573.208	0.853	1.058	0.945	0.961	27.015	10323.621
529	582.650	0.864	1.075	0.930	0.964	27.237	10579.751
530	579.454	0.859	1.085	0.921	0.962	27.162	10492.827
531	544.301	0.870	1.049	0.953	0.967	26.325	9552.609
532	530.355	0.886	1.048	0.954	0.968	25.986	9187.856
533	591.802	0.838	1.040	0.961	0.960	27.450	10829.988
534	571.319	0.907	1.060	0.944	0.976	26.971	10272.647
535	501.739	0.836	1.043	0.959	0.957	25.275	8454.345
536	509.002	0.851	1.013	0.987	0.960	25.457	8638.585
537	580.035	0.862	1.111	0.900	0.968	27.176	10508.613
538	518.589	0.881	1.078	0.928	0.970	25.696	8883.800
539	527.014	0.858	1.073	0.932	0.963	25.904	9101.173
540	562.894	0.873	1.057	0.946	0.971	26.771	10046.251
541	630.587	0.877	1.022	0.979	0.967	28.335	11911.902
542	575.677	0.877	1.075	0.930	0.968	27.074	10390.407
543	471.669	0.876	1.071	0.934	0.964	24.506	7705.838
544	412.838	0.801	1.369	0.731	0.952	22.927	6310.046
545	524.400	0.874	1.016	0.985	0.964	25.840	9033.525
546	547.061	0.869	1.059	0.944	0.968	26.392	9625.359
547	595.288	0.856	1.032	0.969	0.966	27.531	10925.828
548	601.389	0.868	1.074	0.931	0.965	27.672	11094.225
549	543.284	0.859	1.049	0.953	0.965	26.301	9525.852
550	525.707	0.861	1.005	0.995	0.963	25.872	9067.328
551	574.661	0.876	1.029	0.972	0.964	27.050	10362.890
552	529.048	0.836	1.034	0.967	0.955	25.954	9153.904
553	530.501	0.826	1.027	0.973	0.957	25.990	9191.631
554	1102.256	0.804	1.190	0.840	0.957	37.462	27528.809
555	559.989	0.873	1.031	0.970	0.967	26.702	9968.574
556	560.861	0.845	1.069	0.935	0.963	26.723	9991.856
557	553.016	0.806	1.006	0.994	0.964	26.535	9782.971
558	444.069	0.846	1.162	0.860	0.965	23.778	7039.464
559	507.840	0.848	1.042	0.959	0.956	25.428	8609.017
560	608.216	0.862	1.069	0.935	0.967	27.828	11283.683
561	550.983	0.859	1.053	0.949	0.968	26.486	9729.056
562	564.492	0.801	1.110	0.901	0.944	26.809	10089.058
563	576.549	0.877	1.037	0.964	0.964	27.094	10414.012
564	527.160	0.851	1.029	0.972	0.958	25.908	9104.936
565	592.237	0.872	1.026	0.975	0.967	27.460	10841.953
566	545.753	0.877	1.044	0.958	0.967	26.360	9590.875
567	744.473	0.833	1.040	0.961	0.958	30.788	15280.489
568	515.248	0.865	1.068	0.937	0.963	25.613	8798.087
569	536.602	0.865	1.026	0.975	0.963	26.139	9350.650
570	573.208	0.845	1.015	0.985	0.963	27.015	10323.621
571	533.261	0.867	1.059	0.944	0.961	26.057	9263.456
572	515.684	0.870	1.029	0.971	0.964	25.624	8809.251
573	582.214	0.865	1.018	0.983	0.967	27.227	10567.883
574	611.848	0.833	1.006	0.994	0.962	27.911	11384.894
575	536.602	0.853	1.099	0.910	0.959	26.139	9350.650
576	549.385	0.877	1.087	0.920	0.967	26.448	9686.764
577	504.644	0.870	1.035	0.967	0.965	25.348	8527.882
578	580.035	0.816	1.032	0.969	0.960	27.176	10508.613
579	583.522	0.872	1.094	0.914	0.967	27.257	10603.499
580	608.216	0.850	1.054	0.949	0.964	27.828	11283.683
581	561.151	0.867	1.063	0.941	0.962	26.730	9999.620
582	512.197	0.840	1.061	0.942	0.956	25.537	8720.069
583	614.753	0.801	1.027	0.974	0.956	27.977	11466.079
584	549.530	0.859	1.040	0.962	0.961	26.452	9690.606
585	597.322	0.875	1.030	0.971	0.971	27.578	10981.865
586	562.604	0.868	1.014	0.987	0.964	26.764	10038.474
587	542.557	0.867	1.070	0.935	0.964	26.283	9506.756
588	573.789	0.839	1.050	0.952	0.955	27.029	10339.323
589	548.949	0.855	1.038	0.964	0.970	26.438	9675.241
590	529.920	0.857	1.032	0.969	0.967	25.975	9176.534
591	581.052	0.880	1.026	0.975	0.968	27.200	10536.259
592	534.858	0.806	1.239	0.807	0.946	26.096	9305.123
593	553.743	0.876	1.053	0.949	0.970	26.553	9802.250
594	597.757	0.876	1.042	0.960	0.969	27.588	10993.885
595	637.705	0.869	1.080	0.926	0.966	28.495	12114.158
596	510.309	0.883	1.045	0.957	0.967	25.490	8671.888
597	597.612	0.846	1.025	0.975	0.963	27.584	10989.878
598	521.930	0.866	1.019	0.981	0.963	25.779	8969.790
599	528.176	0.822	1.083	0.924	0.948	25.933	9131.293
600	448.717	0.826	1.089	0.918	0.950	23.902	7150.284
601	629.570	0.854	1.014	0.986	0.966	28.312	11883.101
602	631.894	0.863	1.030	0.971	0.970	28.365	11948.966
603	508.130	0.847	1.066	0.938	0.951	25.436	8616.406
604	552.871	0.864	1.006	0.994	0.968	26.532	9779.117
605	511.907	0.841	1.024	0.977	0.952	25.530	8712.651
606	552.871	0.883	1.090	0.917	0.970	26.532	9779.117
607	524.981	0.871	1.023	0.978	0.974	25.854	9048.543
608	537.473	0.884	1.087	0.920	0.971	26.160	9373.441
609	524.545	0.867	1.036	0.965	0.964	25.843	9037.279
610	587.734	0.879	1.028	0.972	0.970	27.356	10718.531
611	500.431	0.842	1.150	0.869	0.957	25.242	8421.322
612	566.816	0.872	1.031	0.970	0.972	26.864	10151.433
613	666.757	0.874	1.037	0.964	0.970	29.137	12951.363
614	466.440	0.860	1.126	0.888	0.953	24.370	7578.040
615	544.010	0.868	1.084	0.922	0.967	26.318	9544.961
616	574.806	0.852	1.082	0.924	0.964	27.053	10366.819
617	598.629	0.855	1.040	0.962	0.967	27.608	11017.939
618	610.541	0.871	1.009	0.991	0.971	27.881	11348.423
619	552.726	0.851	1.023	0.978	0.963	26.528	9775.263
620	602.696	0.873	1.019	0.981	0.965	27.702	11130.421
621	609.814	0.860	1.121	0.892	0.965	27.865	11328.179
622	1008.271	0.854	1.017	0.983	0.966	35.830	24084.050
623	512.924	0.865	1.093	0.915	0.966	25.555	8738.623
624	670.534	0.882	1.142	0.876	0.971	29.219	13061.563
625	488.810	0.832	1.162	0.860	0.942	24.947	8129.691
626	695.665	0.842	1.037	0.964	0.968	29.762	13802.689
627	486.486	0.819	1.104	0.905	0.947	24.888	8071.777
628	680.703	0.869	1.055	0.948	0.964	29.440	13359.797
629	550.111	0.856	1.045	0.957	0.961	26.466	9705.980
630	553.307	0.874	1.191	0.840	0.970	26.542	9790.681
631	601.679	0.882	1.073	0.932	0.969	27.678	11102.265
632	481.837	0.835	1.073	0.932	0.955	24.769	7956.364
633	522.656	0.839	1.053	0.950	0.964	25.797	8988.520
634	619.837	0.853	1.055	0.948	0.965	28.093	11608.615
635	534.277	0.860	1.034	0.967	0.968	26.082	9289.964
636	522.511	0.841	1.113	0.899	0.946	25.793	8984.773
637	549.530	0.877	1.061	0.943	0.965	26.452	9690.606
638	605.311	0.876	1.092	0.916	0.972	27.762	11202.932
639	611.267	0.819	1.070	0.935	0.961	27.898	11368.680
640	565.218	0.871	1.011	0.989	0.970	26.826	10108.537
641	562.313	0.822	1.015	0.985	0.956	26.757	10030.699
642	686.513	0.856	1.106	0.904	0.965	29.565	13531.222
643	539.652	0.833	1.010	0.990	0.959	26.213	9430.499
644	540.814	0.855	1.018	0.983	0.962	26.241	9460.977
645	537.473	0.843	1.104	0.906	0.959	26.160	9373.441
646	575.677	0.825	1.054	0.948	0.957	27.074	10390.407
647	747.669	0.859	1.109	0.902	0.965	30.854	15378.986
648	553.888	0.880	1.031	0.970	0.968	26.556	9806.108
649	576.694	0.870	1.055	0.948	0.965	27.097	10417.948
650	546.770	0.871	1.085	0.921	0.968	26.385	9617.692
651	800.254	0.844	1.072	0.933	0.963	31.920	17029.645
652	554.614	0.869	1.061	0.943	0.967	26.574	9825.402
653	516.410	0.860	1.146	0.873	0.960	25.642	8827.868
654	574.515	0.857	1.044	0.957	0.965	27.046	10358.961
655	570.593	0.866	1.061	0.942	0.962	26.954	10253.064
656	573.353	0.852	1.051	0.952	0.959	27.019	10327.546
657	514.812	0.861	1.051	0.951	0.964	25.602	8786.927
658	545.317	0.850	1.037	0.964	0.960	26.350	9579.390
659	598.048	0.802	1.053	0.950	0.951	27.595	11001.901
660	612.719	0.865	1.104	0.906	0.968	27.931	11409.229
661	586.282	0.855	1.053	0.950	0.968	27.322	10678.818
662	527.741	0.871	1.080	0.926	0.961	25.922	9119.994
663	606.037	0.862	1.007	0.993	0.966	27.778	11223.102
664	632.185	0.825	1.080	0.926	0.964	28.371	11957.208
665	570.884	0.819	1.044	0.958	0.964	26.961	10260.896
666	530.355	0.859	1.113	0.899	0.968	25.986	9187.856
667	539.797	0.856	1.052	0.951	0.968	26.216	9434.307
668	581.052	0.858	1.077	0.929	0.964	27.200	10536.259
669	509.873	0.876	1.042	0.959	0.963	25.479	8660.782
670	645.113	0.835	1.030	0.971	0.964	28.660	12325.871
671	621.726	0.866	1.025	0.976	0.967	28.135	11661.706
672	530.210	0.883	1.033	0.968	0.963	25.982	9184.082
673	581.488	0.876	1.047	0.956	0.970	27.210	10548.114
674	498.107	0.879	1.051	0.951	0.963	25.184	8362.722
675	530.936	0.845	1.018	0.982	0.961	26.000	9202.960
676	539.071	0.854	1.061	0.942	0.962	26.199	9415.272
677	524.254	0.858	1.007	0.993	0.964	25.836	9029.772
678	524.254	0.829	1.025	0.976	0.954	25.836	9029.772
679	588.315	0.853	1.108	0.902	0.961	27.369	10734.430
680	522.075	0.876	1.045	0.957	0.968	25.782	8973.535
681	573.063	0.868	1.058	0.945	0.968	27.012	10319.697
682	534.858	0.868	1.123	0.890	0.965	26.096	9305.123
683	522.075	0.879	1.131	0.884	0.962	25.782	8973.535
684	500.867	0.842	1.128	0.886	0.955	25.253	8432.325
685	606.037	0.893	1.063	0.941	0.973	27.778	11223.102
686	521.204	0.869	1.009	0.991	0.970	25.761	8951.073
687	625.793	0.823	1.054	0.949	0.958	28.227	11776.331
688	607.054	0.818	1.018	0.982	0.952	27.802	11251.360
689	563.911	0.850	1.049	0.953	0.963	26.795	10073.485
690	593.399	0.812	1.120	0.893	0.956	27.487	10873.880
691	555.631	0.849	1.041	0.960	0.963	26.598	9852.436
692	532.825	0.851	1.031	0.970	0.960	26.046	9252.103
693	541.395	0.869	1.033	0.968	0.963	26.255	9476.229
694	528.176	0.855	1.063	0.941	0.961	25.933	9131.293
695	527.595	0.804	1.074	0.931	0.943	25.918	9116.229
696	590.785	0.874	1.077	0.929	0.968	27.426	10802.088
697	584.393	0.839	1.020	0.980	0.963	27.278	10627.265
698	512.488	0.860	1.049	0.953	0.967	25.544	8727.489
699	557.374	0.896	1.087	0.920	0.975	26.640	9898.836
700	521.349	0.874	1.035	0.966	0.966	25.764	8954.815
701	571.755	0.837	1.113	0.899	0.964	26.981	10284.403
702	546.770	0.855	1.019	0.981	0.963	26.385	9617.692
703	543.574	0.857	1.037	0.964	0.964	26.308	9533.494
704	575.532	0.896	1.072	0.933	0.970	27.070	10386.474
705	555.922	0.873	1.030	0.971	0.968	26.605	9860.164
706	650.197	0.816	1.074	0.931	0.947	28.773	12471.870
707	567.978	0.874	1.015	0.985	0.973	26.892	10182.668
708	537.473	0.888	1.052	0.951	0.972	26.160	9373.441
709	531.372	0.866	1.100	0.909	0.971	26.011	9214.293
710	625.938	0.878	1.071	0.934	0.971	28.231	11780.431
711	495.637	0.868	1.020	0.981	0.962	25.121	8300.609
712	568.705	0.868	1.020	0.980	0.964	26.909	10202.206
713	529.193	0.837	1.028	0.972	0.962	25.957	9157.674
714	620.128	0.869	1.066	0.938	0.966	28.099	11616.778
715	455.109	0.900	1.030	0.971	0.970	24.072	7303.601
716	581.924	0.873	1.104	0.906	0.969	27.220	10559.974
717	592.673	0.864	1.060	0.943	0.964	27.470	10853.922
718	668.210	0.874	1.057	0.946	0.970	29.168	12993.711
719	606.328	0.858	1.060	0.943	0.964	27.785	11231.173
720	571.319	0.874	1.054	0.949	0.964	26.971	10272.647
721	581.488	0.843	1.078	0.927	0.962	27.210	10548.114
722	580.326	0.842	1.115	0.897	0.955	27.183	10516.510
723	530.501	0.864	1.054	0.949	0.969	25.990	9191.631
724	581.052	0.880	1.064	0.940	0.967	27.200	10536.259
725	463.389	0.851	1.056	0.947	0.961	24.290	7503.821
726	363.884	0.815	1.460	0.685	0.971	21.525	5221.653
727	470.652	0.856	1.091	0.916	0.966	24.480	7680.933
728	574.806	0.884	1.049	0.954	0.971	27.053	10366.819
729	521.930	0.895	1.051	0.951	0.970	25.779	8969.790
730	540.669	0.868	1.042	0.960	0.963	26.237	9457.166
731	518.298	0.869	1.027	0.973	0.967	25.689	8876.336
732	575.823	0.892	1.038	0.963	0.965	27.077	10394.340
733	554.469	0.857	1.133	0.882	0.959	26.570	9821.542
734	582.069	0.832	1.121	0.892	0.964	27.223	10563.929
735	577.275	0.885	1.045	0.957	0.968	27.111	10433.697
736	537.183	0.888	1.025	0.975	0.968	26.153	9365.842
737	515.538	0.863	1.069	0.935	0.966	25.620	8805.529
738	541.395	0.856	1.087	0.920	0.963	26.255	9476.229
739	533.842	0.851	1.073	0.932	0.962	26.071	9278.600
740	658.042	0.865	1.036	0.965	0.966	28.946	12698.246
741	577.566	0.873	1.015	0.985	0.972	27.118	10441.575
742	589.768	0.842	1.021	0.979	0.959	27.403	10774.211
743	542.122	0.864	1.060	0.944	0.966	26.273	9495.305
744	596.305	0.860	1.035	0.966	0.962	27.554	10953.835
745	600.663	0.872	1.125	0.889	0.969	27.655	11074.133
746	529.048	0.892	1.015	0.985	0.969	25.954	9153.904
747	662.399	0.849	1.098	0.910	0.972	29.041	12824.596
748	593.545	0.819	1.076	0.930	0.950	27.490	10877.873
749	646.856	0.839	1.096	0.913	0.965	28.698	12375.863
750	545.027	0.864	1.074	0.931	0.969	26.343	9571.736
751	514.231	0.832	1.024	0.977	0.962	25.588	8772.055
752	683.027	0.874	1.036	0.966	0.972	29.490	13428.280
753	573.789	0.869	1.031	0.970	0.964	27.029	10339.323
754	566.962	0.837	1.069	0.935	0.960	26.868	10155.335
755	529.338	0.876	1.129	0.886	0.971	25.961	9161.445
756	566.235	0.869	1.019	0.981	0.967	26.851	10135.827
757	523.818	0.873	1.067	0.937	0.964	25.825	9018.515
758	536.311	0.859	1.080	0.926	0.962	26.131	9343.057
759	495.492	0.860	1.080	0.926	0.961	25.117	8296.961
760	560.570	0.867	1.095	0.914	0.968	26.716	9984.093
761	548.804	0.874	1.021	0.980	0.966	26.434	9671.401
762	561.006	0.881	1.029	0.972	0.966	26.726	9995.738
763	613.591	0.874	1.044	0.958	0.971	27.951	11433.582
764	576.113	0.877	1.022	0.979	0.970	27.084	10402.207
765	572.482	0.876	1.038	0.963	0.969	26.998	10304.006
766	589.042	0.849	1.080	0.926	0.957	27.386	10754.315
767	506.823	0.859	1.046	0.956	0.964	25.403	8583.174
768	516.846	0.893	1.054	0.948	0.974	25.653	8839.045
769	578.728	0.825	1.037	0.964	0.957	27.145	10473.105
770	519.606	0.855	1.057	0.946	0.963	25.721	8909.942
771	558.536	0.872	1.041	0.961	0.969	26.667	9929.811
772	546.044	0.822	1.103	0.906	0.948	26.367	9598.535
773	573.644	0.869	1.018	0.983	0.963	27.026	10335.397
774	536.456	0.839	1.040	0.962	0.960	26.135	9346.853
775	619.111	0.864	1.051	0.952	0.969	28.076	11588.217
776	564.783	0.878	1.033	0.968	0.963	26.816	10096.848
777	566.962	0.877	1.121	0.892	0.969	26.868	10155.335
778	521.058	0.877	1.084	0.923	0.972	25.757	8947.331
779	548.804	0.883	1.066	0.938	0.971	26.434	9671.401
780	500.141	0.850	1.086	0.921	0.957	25.235	8413.990
781	579.164	0.867	1.030	0.971	0.967	27.155	10484.936
782	596.014	0.853	1.090	0.918	0.964	27.548	10945.831
783	573.789	0.857	1.024	0.977	0.962	27.029	10339.323
784	553.016	0.852	1.028	0.973	0.961	26.535	9782.971
785	530.355	0.866	1.052	0.951	0.960	25.986	9187.856
786	556.793	0.831	1.033	0.968	0.954	26.626	9883.361
787	566.235	0.865	1.048	0.954	0.964	26.851	10135.827
788	532.389	0.817	1.045	0.957	0.954	26.036	9240.754
789	553.597	0.869	1.069	0.935	0.966	26.549	9798.393
790	590.204	0.855	1.065	0.939	0.967	27.413	10786.156
791	497.090	0.811	1.200	0.833	0.946	25.158	8337.128
792	580.035	0.885	1.034	0.967	0.971	27.176	10508.613
793	607.926	0.820	1.031	0.970	0.953	27.821	11275.599
794	581.633	0.850	1.081	0.925	0.959	27.213	10552.067
795	544.010	0.844	1.129	0.886	0.964	26.318	9544.961
796	592.818	0.843	1.125	0.889	0.963	27.474	10857.913
797	580.471	0.832	1.089	0.918	0.956	27.186	10520.458
798	563.330	0.835	1.029	0.971	0.963	26.782	10057.919
799	529.774	0.817	1.198	0.835	0.948	25.972	9172.761
800	628.844	0.867	1.053	0.950	0.969	28.296	11862.544
801	526.433	0.835	1.024	0.976	0.955	25.890	9086.125
802	545.027	0.850	1.033	0.968	0.965	26.343	9571.736
803	505.661	0.877	1.040	0.962	0.968	25.374	8553.670
804	545.172	0.879	1.031	0.970	0.970	26.346	9575.562
805	555.050	0.869	1.078	0.928	0.966	26.584	9836.985
806	542.557	0.840	1.157	0.864	0.960	26.283	9506.756
807	576.985	0.876	1.043	0.959	0.970	27.104	10425.822
808	628.698	0.856	1.012	0.988	0.967	28.293	11858.434
809	564.056	0.864	1.039	0.963	0.967	26.799	10077.378
810	541.541	0.830	1.055	0.948	0.958	26.259	9480.043
811	580.616	0.874	1.011	0.989	0.967	27.189	10524.408
812	534.713	0.858	1.006	0.994	0.964	26.092	9301.333
813	550.256	0.855	1.105	0.905	0.966	26.469	9709.825
814	626.665	0.855	1.018	0.983	0.969	28.247	11800.941
815	557.229	0.866	1.019	0.981	0.966	26.636	9894.967
816	581.197	0.882	1.023	0.978	0.970	27.203	10540.210
817	593.399	0.856	1.022	0.978	0.964	27.487	10873.880
818	578.728	0.862	1.053	0.950	0.966	27.145	10473.105
819	518.298	0.838	1.128	0.886	0.955	25.689	8876.336
820	538.054	0.811	1.056	0.947	0.953	26.174	9388.645
821	602.551	0.843	1.099	0.910	0.955	27.698	11126.397
822	513.069	0.827	1.078	0.928	0.953	25.559	8742.336
823	496.800	0.868	1.075	0.930	0.969	25.150	8329.820
824	610.105	0.873	1.080	0.926	0.967	27.871	11336.275
825	504.789	0.860	1.075	0.930	0.970	25.352	8531.564
826	593.835	0.801	1.065	0.939	0.952	27.497	10885.861
827	588.170	0.866	1.107	0.904	0.969	27.366	10730.454
828	575.532	0.867	1.065	0.939	0.969	27.070	10386.474
829	560.134	0.856	1.075	0.930	0.968	26.706	9972.453
830	522.075	0.867	1.098	0.910	0.963	25.782	8973.535
831	562.749	0.851	1.045	0.957	0.961	26.768	10042.362
832	535.875	0.883	1.049	0.953	0.970	26.121	9331.671
833	547.642	0.881	1.062	0.942	0.968	26.406	9640.698
834	550.256	0.855	1.009	0.991	0.962	26.469	9709.825
835	541.250	0.862	1.009	0.991	0.968	26.251	9472.415
836	595.288	0.854	1.047	0.955	0.965	27.531	10925.828
837	563.330	0.868	1.076	0.929	0.966	26.782	10057.919
838	539.797	0.877	1.036	0.965	0.968	26.216	9434.307
839	518.734	0.872	1.063	0.940	0.967	25.700	8887.533
840	556.357	0.875	1.043	0.959	0.967	26.615	9871.760
841	530.791	0.873	1.028	0.972	0.963	25.997	9199.183
842	522.656	0.873	1.085	0.922	0.971	25.797	8988.520
843	574.515	0.856	1.006	0.994	0.963	27.046	10358.961
844	599.355	0.833	1.046	0.956	0.961	27.625	11037.997
845	578.873	0.821	1.071	0.933	0.947	27.149	10477.048
846	665.014	0.867	1.063	0.940	0.969	29.098	12900.606
847	488.810	0.833	1.092	0.916	0.959	24.947	8129.691
848	590.494	0.855	1.088	0.919	0.968	27.420	10794.121
849	604.439	0.848	1.045	0.957	0.963	27.742	11178.744
850	530.936	0.863	1.038	0.964	0.966	26.000	9202.960
851	462.953	0.870	1.021	0.980	0.967	24.279	7493.238
852	572.917	0.842	1.044	0.958	0.958	27.009	10315.774
853	624.486	0.860	1.018	0.982	0.968	28.198	11739.446
854	539.797	0.862	1.018	0.983	0.966	26.216	9434.307
855	595.869	0.874	1.094	0.914	0.971	27.544	10941.829
856	601.970	0.840	1.096	0.912	0.958	27.685	11110.307
857	580.181	0.893	1.011	0.989	0.970	27.179	10512.561
858	544.591	0.868	1.014	0.986	0.962	26.332	9560.258
859	614.608	0.869	1.041	0.960	0.968	27.974	11462.015
860	570.738	0.831	1.056	0.947	0.956	26.957	10256.980
861	545.027	0.845	1.184	0.844	0.962	26.343	9571.736
862	587.153	0.885	1.025	0.976	0.970	27.342	10702.640
863	617.077	0.880	1.064	0.940	0.969	28.030	11531.166
864	557.665	0.876	1.081	0.925	0.970	26.647	9906.577
865	530.501	0.864	1.078	0.927	0.966	25.990	9191.631
866	540.669	0.860	1.081	0.925	0.960	26.237	9457.166
867	613.010	0.870	1.050	0.952	0.971	27.938	11417.345
868	610.686	0.857	1.046	0.956	0.965	27.885	11352.474
869	514.231	0.887	1.054	0.949	0.970	25.588	8772.055
870	649.907	0.847	1.019	0.982	0.959	28.766	12463.511
871	615.915	0.863	1.015	0.986	0.961	28.004	11498.607
872	568.850	0.841	1.123	0.890	0.964	26.912	10206.115
873	597.322	0.896	1.066	0.938	0.975	27.578	10981.865
874	569.141	0.846	1.075	0.930	0.964	26.919	10213.935
875	559.408	0.816	1.054	0.949	0.949	26.688	9953.062
876	538.345	0.871	1.004	0.996	0.966	26.181	9396.250
877	545.463	0.859	1.039	0.962	0.968	26.353	9583.218
878	561.006	0.880	1.054	0.948	0.966	26.726	9995.738
879	540.960	0.874	1.014	0.986	0.971	26.244	9464.789
880	582.941	0.866	1.037	0.965	0.969	27.244	10587.665
881	599.065	0.857	1.020	0.980	0.964	27.618	11029.973
882	547.351	0.855	1.019	0.981	0.965	26.399	9633.027
883	561.151	0.854	1.061	0.942	0.965	26.730	9999.620
884	546.770	0.861	1.063	0.941	0.963	26.385	9617.692
885	579.599	0.870	1.109	0.902	0.963	27.166	10496.773
886	566.235	0.839	1.029	0.972	0.961	26.851	10135.827
887	513.214	0.819	1.045	0.957	0.952	25.563	8746.049
888	589.768	0.829	1.076	0.929	0.954	27.403	10774.211
889	599.791	0.813	1.090	0.917	0.951	27.635	11050.038
890	546.770	0.879	1.012	0.989	0.972	26.385	9617.692
891	535.004	0.863	1.039	0.962	0.963	26.100	9308.914
892	544.591	0.874	1.009	0.991	0.967	26.332	9560.258
893	586.427	0.867	1.011	0.989	0.967	27.325	10682.787
894	554.469	0.826	1.043	0.959	0.959	26.570	9821.542
895	568.995	0.868	1.041	0.961	0.968	26.916	10210.025
896	590.785	0.850	1.022	0.978	0.962	27.426	10802.088
897	596.450	0.809	1.134	0.882	0.955	27.558	10957.838
898	494.766	0.880	1.042	0.960	0.970	25.099	8278.724
899	586.427	0.865	1.062	0.942	0.968	27.325	10682.787
900	493.749	0.842	1.100	0.909	0.961	25.073	8253.216
901	510.454	0.867	1.165	0.858	0.959	25.494	8675.591
902	574.661	0.826	1.012	0.988	0.954	27.050	10362.890
903	559.844	0.848	1.094	0.914	0.964	26.699	9964.695
904	549.240	0.866	1.028	0.973	0.965	26.445	9682.923
905	457.869	0.818	1.067	0.937	0.957	24.145	7370.140
906	568.414	0.826	1.087	0.920	0.956	26.902	10194.389
907	501.303	0.869	1.047	0.955	0.965	25.264	8443.332
908	562.168	0.834	1.011	0.990	0.956	26.754	10026.812
909	539.652	0.837	1.051	0.951	0.961	26.213	9430.499
910	572.627	0.873	1.012	0.988	0.969	27.002	10307.928
911	571.755	0.804	1.035	0.966	0.949	26.981	10284.403
912	545.608	0.863	1.040	0.962	0.966	26.357	9587.046
913	529.338	0.858	1.030	0.971	0.966	25.961	9161.445
914	593.981	0.874	1.113	0.899	0.968	27.501	10889.855
915	550.692	0.856	1.040	0.961	0.965	26.479	9721.362
916	542.122	0.831	1.062	0.942	0.958	26.273	9495.305
917	567.397	0.826	1.014	0.987	0.951	26.878	10167.046
918	537.328	0.814	1.101	0.909	0.954	26.156	9369.641
919	560.280	0.859	1.042	0.960	0.964	26.709	9976.332
920	630.006	0.868	1.043	0.959	0.972	28.322	11895.442
921	507.404	0.871	1.004	0.996	0.963	25.417	8597.938
922	495.347	0.862	1.183	0.845	0.977	25.114	8293.312
923	487.503	0.842	1.039	0.963	0.956	24.914	8097.098
924	593.981	0.889	1.016	0.984	0.969	27.501	10889.855
925	584.829	0.873	1.019	0.981	0.967	27.288	10639.154
926	508.421	0.866	1.148	0.871	0.968	25.443	8623.797
927	601.534	0.825	1.025	0.976	0.950	27.675	11098.245
928	504.063	0.829	1.044	0.958	0.953	25.334	8513.157
929	598.048	0.872	1.050	0.952	0.966	27.595	11001.901
930	491.425	0.831	1.026	0.975	0.955	25.014	8195.009
931	568.124	0.870	1.063	0.941	0.969	26.895	10186.575
932	536.021	0.859	1.048	0.954	0.964	26.124	9335.466
933	543.720	0.877	1.063	0.941	0.966	26.311	9537.316
934	548.804	0.836	1.070	0.935	0.956	26.434	9671.401
935	570.738	0.896	1.045	0.957	0.970	26.957	10256.980
936	540.378	0.825	1.052	0.951	0.950	26.230	9449.544
937	503.336	0.875	1.031	0.970	0.963	25.315	8494.764
938	547.787	0.864	1.041	0.960	0.969	26.410	9644.534
939	532.970	0.856	1.058	0.945	0.961	26.050	9255.886
940	563.475	0.888	1.053	0.950	0.969	26.785	10061.810
941	545.753	0.875	1.050	0.953	0.970	26.360	9590.875
942	604.294	0.821	1.040	0.962	0.955	27.738	11174.715
943	532.098	0.864	1.016	0.985	0.966	26.029	9233.191
944	506.387	0.869	1.013	0.988	0.963	25.392	8572.106
945	614.898	0.885	1.062	0.942	0.971	27.981	11470.143
946	574.806	0.852	1.063	0.941	0.960	27.053	10366.819
947	473.267	0.866	1.050	0.953	0.966	24.548	7745.029
948	509.002	0.876	1.055	0.948	0.963	25.457	8638.585
949	560.280	0.884	1.046	0.956	0.970	26.709	9976.332
950	523.673	0.868	1.054	0.949	0.965	25.822	9014.764
951	607.199	0.861	1.058	0.946	0.965	27.805	11255.398
952	520.187	0.864	1.076	0.929	0.962	25.736	8924.891
953	510.890	0.870	1.008	0.992	0.965	25.505	8686.703
954	539.797	0.885	1.063	0.940	0.970	26.216	9434.307
955	561.151	0.836	1.045	0.957	0.959	26.730	9999.620
956	548.223	0.830	1.058	0.945	0.963	26.420	9656.045
957	489.246	0.838	1.032	0.969	0.961	24.959	8140.565
958	546.770	0.869	1.040	0.961	0.964	26.385	9617.692
959	642.498	0.846	1.116	0.896	0.960	28.602	12251.009
960	573.644	0.857	1.047	0.955	0.965	27.026	10335.397
961	647.292	0.867	1.022	0.979	0.964	28.708	12388.371
962	532.389	0.872	1.064	0.940	0.967	26.036	9240.754
963	619.547	0.884	1.029	0.972	0.972	28.086	11600.454
964	577.856	0.863	1.034	0.967	0.967	27.125	10449.454
965	492.587	0.881	1.046	0.956	0.965	25.044	8224.095
966	575.823	0.852	1.051	0.951	0.968	27.077	10394.340
967	501.012	0.850	1.029	0.972	0.956	25.257	8435.994
968	525.997	0.838	1.076	0.929	0.956	25.879	9074.845
969	520.187	0.846	1.034	0.968	0.963	25.736	8924.891
970	578.002	0.826	1.088	0.919	0.952	27.128	10453.395
971	541.105	0.841	1.017	0.983	0.959	26.248	9468.602
972	568.559	0.861	1.034	0.967	0.965	26.906	10198.298
973	530.355	0.852	1.059	0.945	0.958	25.986	9187.856
974	557.665	0.875	1.037	0.964	0.969	26.647	9906.577
975	532.970	0.873	1.068	0.936	0.970	26.050	9255.886
976	542.993	0.862	1.087	0.920	0.966	26.294	9518.212
977	618.530	0.861	1.029	0.971	0.969	28.063	11571.907
978	556.648	0.842	1.065	0.939	0.960	26.622	9879.494
979	554.905	0.882	1.091	0.916	0.972	26.581	9833.123
980	536.892	0.851	1.058	0.945	0.958	26.146	9358.245
981	481.402	0.845	1.111	0.900	0.964	24.758	7945.573
982	579.454	0.862	1.043	0.959	0.966	27.162	10492.827
983	581.488	0.841	1.090	0.917	0.962	27.210	10548.114
984	555.050	0.865	1.029	0.972	0.965	26.584	9836.985
985	493.023	0.849	1.070	0.935	0.958	25.055	8235.011
986	550.692	0.809	1.050	0.953	0.957	26.479	9721.362
987	545.463	0.854	1.032	0.969	0.964	26.353	9583.218
988	599.065	0.882	1.189	0.841	0.975	27.618	11029.973
989	638.576	0.880	1.057	0.946	0.968	28.514	12139.002
990	638.286	0.850	1.019	0.981	0.965	28.508	12130.718
991	577.856	0.873	1.029	0.972	0.969	27.125	10449.454
992	558.101	0.867	1.016	0.984	0.960	26.657	9918.191
993	552.000	0.832	1.101	0.908	0.950	26.511	9756.001
994	505.370	0.870	1.060	0.943	0.965	25.366	8546.299
995	612.574	0.869	1.011	0.989	0.968	27.928	11405.172
996	540.378	0.880	1.023	0.977	0.969	26.230	9449.544
997	615.770	0.830	1.052	0.951	0.962	28.000	11494.539
998	833.665	0.853	1.102	0.908	0.968	32.580	18107.178
999	971.229	0.806	1.038	0.963	0.953	35.165	22769.107
1000	622.452	0.873	1.125	0.889	0.969	28.152	11682.147
1001	581.197	0.876	1.034	0.968	0.971	27.203	10540.210
1002	587.589	0.869	1.045	0.957	0.967	27.352	10714.557
1003	552.871	0.837	1.069	0.935	0.952	26.532	9779.117
1004	546.189	0.883	1.017	0.983	0.966	26.371	9602.365
1005	539.652	0.881	1.081	0.925	0.968	26.213	9430.499
1006	887.412	0.807	1.160	0.862	0.944	33.614	19886.192
1007	544.882	0.871	1.022	0.979	0.966	26.339	9567.909
1008	584.829	0.867	1.029	0.971	0.971	27.288	10639.154
1009	553.162	0.864	1.021	0.979	0.961	26.539	9786.826
1010	520.187	0.860	1.028	0.972	0.965	25.736	8924.891
1011	550.402	0.853	1.039	0.962	0.963	26.472	9713.670
1012	545.317	0.869	1.029	0.971	0.965	26.350	9579.390
1013	542.267	0.860	1.046	0.956	0.963	26.276	9499.121
1014	501.448	0.819	1.020	0.980	0.953	25.268	8447.003
1015	516.265	0.890	1.051	0.951	0.972	25.638	8824.144
1016	505.080	0.865	1.029	0.971	0.965	25.359	8538.931
1017	495.637	0.854	1.074	0.931	0.958	25.121	8300.609
1018	593.981	0.871	1.075	0.930	0.969	27.501	10889.855
1019	600.082	0.855	1.141	0.877	0.966	27.641	11058.068
1020	533.696	0.861	1.034	0.967	0.966	26.068	9274.813
1021	625.067	0.880	1.033	0.968	0.970	28.211	11755.835
1022	547.642	0.847	1.016	0.985	0.958	26.406	9640.698
1023	460.920	0.825	1.168	0.856	0.957	24.225	7443.918
1024	555.922	0.832	1.036	0.966	0.955	26.605	9860.164
1025	536.021	0.878	1.087	0.920	0.967	26.124	9335.466
1026	594.126	0.886	1.056	0.947	0.974	27.504	10893.850
1027	498.107	0.875	1.057	0.946	0.964	25.184	8362.722
1028	586.717	0.825	1.098	0.911	0.960	27.332	10690.727
1029	553.743	0.830	1.052	0.950	0.957	26.553	9802.250
1030	545.608	0.872	1.058	0.945	0.966	26.357	9587.046
1031	585.846	0.877	1.113	0.898	0.974	27.312	10666.914
1032	638.431	0.867	1.108	0.903	0.969	28.511	12134.860
1033	591.366	0.879	1.036	0.965	0.970	27.440	10818.028
1034	537.618	0.874	1.012	0.988	0.972	26.163	9377.241
1035	542.412	0.851	1.048	0.954	0.961	26.280	9502.938
1036	573.789	0.863	1.074	0.931	0.969	27.029	10339.323
1037	580.471	0.859	1.027	0.974	0.964	27.186	10520.458
1038	570.738	0.868	1.021	0.980	0.968	26.957	10256.980
1039	561.006	0.864	1.036	0.965	0.963	26.726	9995.738
1040	554.469	0.840	1.067	0.937	0.960	26.570	9821.542
1041	516.701	0.857	1.021	0.979	0.963	25.649	8835.319
1042	557.229	0.863	1.027	0.974	0.963	26.636	9894.967
1043	557.229	0.899	1.072	0.933	0.972	26.636	9894.967
1044	505.370	0.863	1.016	0.984	0.959	25.366	8546.299
1045	486.776	0.870	1.076	0.929	0.965	24.895	8079.009
1046	609.378	0.801	1.052	0.950	0.961	27.855	11316.038
1047	497.235	0.844	1.174	0.852	0.963	25.161	8340.782
1048	524.835	0.858	1.108	0.903	0.961	25.850	9044.788
1049	548.658	0.866	1.025	0.976	0.965	26.431	9667.561
1050	557.229	0.858	1.027	0.974	0.965	26.636	9894.967
1051	545.608	0.807	1.047	0.955	0.949	26.357	9587.046
1052	611.703	0.844	1.022	0.978	0.965	27.908	11380.840
1053	529.920	0.867	1.025	0.976	0.962	25.975	9176.534
1054	568.414	0.867	1.074	0.931	0.970	26.902	10194.389
1055	526.869	0.850	1.062	0.942	0.959	25.900	9097.410
1056	652.086	0.801	1.104	0.905	0.945	28.814	12526.244
1057	566.235	0.861	1.081	0.925	0.965	26.851	10135.827
1058	669.808	0.875	1.047	0.955	0.967	29.203	13040.346
1059	509.583	0.866	1.088	0.919	0.961	25.472	8653.381
1060	880.149	0.818	1.041	0.961	0.955	33.476	19642.550
1061	542.267	0.827	1.107	0.904	0.951	26.276	9499.121
1062	590.639	0.880	1.015	0.985	0.967	27.423	10798.104
1063	587.444	0.898	1.032	0.969	0.973	27.349	10710.584
1064	547.496	0.858	1.092	0.916	0.963	26.403	9636.862
1065	632.911	0.866	1.067	0.938	0.965	28.387	11977.820
1066	600.372	0.878	1.027	0.974	0.969	27.648	11066.099
1067	576.839	0.841	1.024	0.976	0.967	27.101	10421.885
1068	545.463	0.839	1.044	0.958	0.958	26.353	9583.218
1069	565.799	0.865	1.091	0.917	0.968	26.840	10124.128
1070	593.545	0.847	1.027	0.974	0.960	27.490	10877.873
1071	526.143	0.883	1.045	0.957	0.968	25.883	9078.605
1072	564.783	0.833	1.101	0.908	0.956	26.816	10096.848
1073	592.818	0.865	1.061	0.943	0.970	27.474	10857.913
1074	553.888	0.868	1.028	0.973	0.966	26.556	9806.108
1075	598.484	0.887	1.074	0.931	0.971	27.605	11013.929
1076	539.362	0.841	1.011	0.989	0.961	26.206	9422.885
1077	603.858	0.858	1.021	0.979	0.962	27.728	11162.629
1078	575.242	0.817	1.041	0.961	0.966	27.063	10378.611
1079	532.098	0.875	1.016	0.984	0.964	26.029	9233.191
1080	541.686	0.844	1.032	0.969	0.961	26.262	9483.858
1081	599.501	0.864	1.015	0.985	0.964	27.628	11042.010
1082	567.543	0.858	1.049	0.953	0.965	26.882	10170.951
1083	579.164	0.867	1.013	0.988	0.962	27.155	10484.936
1084	567.833	0.867	1.010	0.990	0.966	26.888	10178.762
1085	508.130	0.854	1.018	0.982	0.958	25.436	8616.406
1086	556.648	0.819	1.039	0.963	0.954	26.622	9879.494
1087	253.048	0.802	1.235	0.810	0.931	17.950	3028.089
