 	Area	Circ.	AR	Round	Solidity	Diameter	Volume
1	491.861	0.818	1.083	0.923	0.946	25.025	8205.912
2	529.048	0.871	1.009	0.991	0.964	25.954	9153.904
3	555.631	0.834	1.050	0.952	0.960	26.598	9852.436
4	491.425	0.814	1.099	0.910	0.957	25.014	8195.009
5	572.482	0.875	1.077	0.928	0.966	26.998	10304.006
6	532.680	0.820	1.111	0.900	0.953	26.043	9248.319
7	615.044	0.832	1.069	0.935	0.959	27.984	11474.208
8	517.282	0.878	1.100	0.909	0.973	25.664	8850.227
9	556.938	0.864	1.077	0.928	0.965	26.629	9887.229
10	543.574	0.835	1.098	0.911	0.954	26.308	9533.494
11	469.926	0.843	1.044	0.958	0.960	24.461	7663.160
12	524.109	0.813	1.071	0.934	0.940	25.832	9026.019
13	582.359	0.870	1.032	0.969	0.965	27.230	10571.839
14	488.374	0.845	1.096	0.912	0.955	24.936	8118.822
15	529.920	0.807	1.094	0.914	0.942	25.975	9176.534
16	640.029	0.852	1.140	0.877	0.968	28.547	12180.446
17	471.088	0.880	1.025	0.975	0.966	24.491	7691.603
18	613.010	0.811	1.047	0.955	0.955	27.938	11417.345
19	529.920	0.855	1.038	0.963	0.956	25.975	9176.534
20	492.296	0.848	1.099	0.910	0.966	25.036	8216.820
21	501.448	0.812	1.087	0.920	0.943	25.268	8447.003
22	612.865	0.856	1.015	0.985	0.965	27.934	11413.287
23	574.079	0.841	1.022	0.978	0.960	27.036	10347.176
24	902.374	0.833	1.186	0.843	0.965	33.896	20391.239
25	626.810	0.846	1.078	0.928	0.963	28.250	11805.045
26	562.749	0.854	1.036	0.965	0.964	26.768	10042.362
27	577.711	0.816	1.062	0.941	0.954	27.121	10445.514
28	535.149	0.849	1.015	0.985	0.954	26.103	9312.706
29	611.557	0.813	1.045	0.956	0.953	27.904	11376.786
30	538.781	0.844	1.051	0.951	0.961	26.192	9407.662
31	505.225	0.875	1.021	0.979	0.967	25.363	8542.615
32	575.387	0.875	1.032	0.969	0.970	27.067	10382.542
33	500.141	0.813	1.162	0.861	0.955	25.235	8413.990
34	572.627	0.834	1.090	0.917	0.962	27.002	10307.928
35	575.968	0.860	1.068	0.936	0.964	27.080	10398.273
36	565.945	0.882	1.018	0.982	0.971	26.844	10128.027
37	547.206	0.858	1.053	0.949	0.962	26.396	9629.193
38	548.077	0.866	1.044	0.958	0.964	26.417	9652.208
39	613.591	0.878	1.030	0.971	0.968	27.951	11433.582
40	475.155	0.846	1.100	0.909	0.959	24.596	7791.432
41	519.606	0.803	1.074	0.931	0.942	25.721	8909.942
42	547.496	0.869	1.060	0.944	0.963	26.403	9636.862
43	549.675	0.867	1.062	0.941	0.969	26.455	9694.449
44	594.126	0.864	1.034	0.968	0.959	27.504	10893.850
45	573.208	0.853	1.020	0.980	0.968	27.015	10323.621
46	573.789	0.866	1.073	0.932	0.962	27.029	10339.323
47	555.486	0.825	1.039	0.962	0.960	26.594	9848.572
48	537.618	0.831	1.061	0.942	0.959	26.163	9377.241
49	552.000	0.859	1.026	0.975	0.965	26.511	9756.001
50	599.355	0.878	1.056	0.947	0.972	27.625	11037.997
51	563.911	0.823	1.055	0.948	0.953	26.795	10073.485
52	541.395	0.830	1.017	0.983	0.952	26.255	9476.229
53	522.511	0.862	1.106	0.904	0.964	25.793	8984.773
54	566.526	0.859	1.064	0.940	0.965	26.857	10143.629
55	563.185	0.854	1.041	0.961	0.966	26.778	10054.029
56	576.694	0.898	1.064	0.940	0.974	27.097	10417.948
57	604.149	0.860	1.071	0.934	0.960	27.735	11170.686
58	513.069	0.840	1.061	0.942	0.956	25.559	8742.336
59	516.846	0.852	1.017	0.983	0.964	25.653	8839.045
60	633.637	0.846	1.105	0.905	0.960	28.404	11998.444
61	538.490	0.843	1.040	0.961	0.956	26.184	9400.053
62	557.955	0.825	1.131	0.884	0.947	26.654	9914.319
63	549.821	0.843	1.036	0.966	0.956	26.459	9698.292
64	560.280	0.864	1.040	0.961	0.961	26.709	9976.332
65	516.265	0.866	1.025	0.976	0.963	25.638	8824.144
66	627.100	0.874	1.033	0.968	0.972	28.257	11813.253
67	574.225	0.850	1.049	0.954	0.958	27.039	10351.104
68	550.402	0.849	1.023	0.978	0.961	26.472	9713.670
69	571.610	0.864	1.015	0.985	0.967	26.978	10280.484
70	535.440	0.840	1.062	0.942	0.959	26.110	9320.290
71	599.065	0.833	1.013	0.987	0.955	27.618	11029.973
72	582.069	0.872	1.045	0.957	0.969	27.223	10563.929
73	541.105	0.863	1.054	0.948	0.966	26.248	9468.602
74	517.427	0.824	1.156	0.865	0.955	25.667	8853.955
75	550.692	0.809	1.058	0.945	0.953	26.479	9721.362
76	572.336	0.852	1.019	0.981	0.963	26.995	10300.084
77	520.623	0.885	1.022	0.979	0.964	25.746	8936.109
78	616.061	0.867	1.054	0.949	0.968	28.007	11502.675
79	491.570	0.872	1.043	0.959	0.963	25.018	8198.643
80	552.000	0.871	1.050	0.953	0.967	26.511	9756.001
81	530.355	0.840	1.045	0.957	0.959	25.986	9187.856
82	551.564	0.823	1.040	0.962	0.952	26.500	9744.450
83	464.551	0.844	1.114	0.897	0.962	24.320	7532.066
84	521.204	0.837	1.041	0.960	0.956	25.761	8951.073
85	573.208	0.842	1.053	0.950	0.958	27.015	10323.621
86	635.526	0.859	1.031	0.970	0.968	28.446	12052.122
87	564.492	0.867	1.077	0.929	0.969	26.809	10089.058
88	567.688	0.864	1.090	0.918	0.968	26.885	10174.856
89	539.652	0.876	1.011	0.989	0.966	26.213	9430.499
90	527.595	0.829	1.106	0.904	0.954	25.918	9116.229
91	556.357	0.873	1.087	0.920	0.966	26.615	9871.760
92	594.416	0.871	1.014	0.987	0.971	27.511	10901.842
93	501.303	0.876	1.048	0.954	0.964	25.264	8443.332
94	573.789	0.863	1.054	0.949	0.968	27.029	10339.323
95	561.151	0.873	1.070	0.935	0.963	26.730	9999.620
96	562.604	0.815	1.044	0.958	0.950	26.764	10038.474
97	534.858	0.832	1.067	0.937	0.960	26.096	9305.123
98	520.768	0.833	1.057	0.947	0.955	25.750	8939.849
99	546.915	0.857	1.032	0.969	0.961	26.389	9621.525
100	570.884	0.837	1.041	0.960	0.956	26.961	10260.896
101	532.389	0.817	1.012	0.988	0.958	26.036	9240.754
102	571.174	0.845	1.020	0.980	0.963	26.967	10268.729
103	564.347	0.873	1.047	0.955	0.964	26.806	10085.164
104	534.858	0.865	1.075	0.931	0.962	26.096	9305.123
105	604.149	0.828	1.061	0.943	0.953	27.735	11170.686
106	538.781	0.852	1.015	0.985	0.961	26.192	9407.662
107	691.888	0.810	1.089	0.918	0.953	29.681	13690.437
108	609.088	0.837	1.048	0.955	0.956	27.848	11307.946
109	531.517	0.864	1.022	0.978	0.965	26.014	9218.071
110	578.292	0.864	1.047	0.955	0.965	27.135	10461.277
111	589.477	0.873	1.033	0.968	0.967	27.396	10766.251
112	558.972	0.863	1.045	0.957	0.967	26.678	9941.434
113	530.355	0.869	1.028	0.973	0.962	25.986	9187.856
114	512.343	0.805	1.132	0.884	0.964	25.541	8723.779
115	640.610	0.808	1.060	0.944	0.944	28.560	12197.037
116	428.816	0.815	1.039	0.962	0.946	23.366	6679.916
117	549.675	0.840	1.062	0.942	0.957	26.455	9694.449
118	579.745	0.866	1.058	0.945	0.963	27.169	10500.719
119	549.530	0.902	1.100	0.909	0.973	26.452	9690.606
120	577.566	0.843	1.044	0.958	0.961	27.118	10441.575
121	547.351	0.870	1.069	0.936	0.964	26.399	9633.027
122	574.806	0.833	1.015	0.985	0.960	27.053	10366.819
123	603.568	0.837	1.033	0.968	0.956	27.722	11154.574
124	540.524	0.815	1.034	0.967	0.952	26.234	9453.355
125	520.332	0.892	1.045	0.957	0.971	25.739	8928.630
126	594.852	0.838	1.032	0.969	0.959	27.521	10913.833
127	636.978	0.814	1.023	0.977	0.947	28.479	12093.468
128	544.010	0.844	1.075	0.931	0.960	26.318	9544.961
129	537.618	0.835	1.017	0.983	0.956	26.163	9377.241
130	550.402	0.852	1.061	0.942	0.961	26.472	9713.670
131	519.461	0.858	1.088	0.919	0.962	25.718	8906.205
132	552.726	0.883	1.044	0.958	0.968	26.528	9775.263
133	551.418	0.864	1.014	0.986	0.965	26.497	9740.601
134	601.244	0.842	1.040	0.962	0.964	27.668	11090.205
135	619.111	0.856	1.045	0.957	0.969	28.076	11588.217
136	536.456	0.841	1.141	0.876	0.958	26.135	9346.853
137	530.210	0.856	1.082	0.924	0.967	25.982	9184.082
138	606.618	0.808	1.051	0.951	0.951	27.792	11239.246
139	521.785	0.828	1.025	0.976	0.962	25.775	8966.045
140	537.328	0.857	1.061	0.942	0.965	26.156	9369.641
141	524.835	0.837	1.052	0.951	0.954	25.850	9044.788
142	539.216	0.825	1.104	0.906	0.953	26.202	9419.078
143	607.781	0.851	1.063	0.941	0.967	27.818	11271.558
144	539.071	0.824	1.061	0.942	0.960	26.199	9415.272
145	528.467	0.873	1.072	0.933	0.968	25.940	9138.828
146	565.799	0.832	1.055	0.948	0.956	26.840	10124.128
147	588.315	0.848	1.045	0.957	0.959	27.369	10734.430
148	481.983	0.858	1.056	0.947	0.962	24.773	7959.962
149	536.602	0.863	1.091	0.917	0.966	26.139	9350.650
150	510.018	0.852	1.090	0.917	0.963	25.483	8664.484
151	524.690	0.846	1.036	0.965	0.958	25.847	9041.033
152	573.789	0.892	1.013	0.987	0.975	27.029	10339.323
153	548.513	0.871	1.016	0.985	0.966	26.427	9663.722
154	571.610	0.842	1.140	0.877	0.964	26.978	10280.484
155	540.524	0.847	1.048	0.954	0.963	26.234	9453.355
156	569.722	0.839	1.071	0.934	0.957	26.933	10229.581
157	497.526	0.876	1.019	0.981	0.967	25.169	8348.094
158	558.972	0.803	1.045	0.957	0.958	26.678	9941.434
159	548.077	0.836	1.097	0.912	0.960	26.417	9652.208
160	538.345	0.854	1.112	0.899	0.961	26.181	9396.250
161	566.671	0.875	1.069	0.935	0.967	26.861	10147.531
162	534.858	0.863	1.015	0.986	0.960	26.096	9305.123
163	553.597	0.857	1.053	0.950	0.963	26.549	9798.393
164	504.934	0.861	1.016	0.984	0.964	25.356	8535.247
165	556.212	0.863	1.028	0.973	0.967	26.612	9867.894
166	578.002	0.870	1.117	0.895	0.972	27.128	10453.395
167	558.682	0.857	1.017	0.984	0.965	26.671	9933.685
168	523.237	0.840	1.034	0.967	0.962	25.811	9003.513
169	576.404	0.867	1.047	0.955	0.962	27.091	10410.077
170	480.530	0.868	1.038	0.963	0.964	24.735	7924.004
171	591.366	0.883	1.057	0.946	0.965	27.440	10818.028
172	646.711	0.864	1.034	0.967	0.969	28.695	12371.694
173	611.267	0.860	1.026	0.975	0.961	27.898	11368.680
174	388.143	0.830	1.062	0.942	0.949	22.231	5752.427
175	575.242	0.880	1.069	0.935	0.968	27.063	10378.611
176	482.419	0.865	1.013	0.987	0.968	24.784	7970.760
177	594.126	0.858	1.059	0.944	0.966	27.504	10893.850
178	561.006	0.852	1.045	0.957	0.960	26.726	9995.738
179	607.054	0.865	1.083	0.923	0.970	27.802	11251.360
180	516.265	0.875	1.098	0.910	0.960	25.638	8824.144
181	545.027	0.881	1.050	0.953	0.968	26.343	9571.736
182	581.343	0.838	1.020	0.980	0.958	27.206	10544.162
183	593.545	0.850	1.030	0.971	0.962	27.490	10877.873
184	557.665	0.835	1.033	0.968	0.956	26.647	9906.577
185	567.833	0.877	1.043	0.959	0.969	26.888	10178.762
186	651.795	0.847	1.034	0.967	0.968	28.808	12517.873
187	542.993	0.852	1.026	0.974	0.963	26.294	9518.212
188	516.991	0.829	1.106	0.904	0.957	25.656	8842.772
189	522.656	0.866	1.042	0.959	0.963	25.797	8988.520
190	530.791	0.836	1.107	0.904	0.959	25.997	9199.183
191	597.612	0.855	1.091	0.916	0.965	27.584	10989.878
192	521.930	0.847	1.032	0.969	0.957	25.779	8969.790
193	637.269	0.870	1.033	0.968	0.966	28.485	12101.742
194	515.684	0.868	1.045	0.957	0.960	25.624	8809.251
195	434.627	0.856	1.047	0.955	0.962	23.524	6816.145
196	521.494	0.861	1.054	0.949	0.964	25.768	8958.558
197	521.058	0.896	1.094	0.914	0.972	25.757	8947.331
198	546.480	0.813	1.039	0.962	0.948	26.378	9610.028
199	615.625	0.850	1.065	0.939	0.960	27.997	11490.472
200	627.682	0.828	1.069	0.935	0.958	28.270	11829.676
201	576.549	0.866	1.048	0.954	0.967	27.094	10414.012
202	563.330	0.820	1.079	0.927	0.954	26.782	10057.919
203	586.717	0.864	1.040	0.962	0.960	27.332	10690.727
204	509.292	0.853	1.038	0.963	0.963	25.465	8645.982
205	499.560	0.816	1.047	0.955	0.953	25.220	8399.331
206	529.774	0.865	1.052	0.951	0.964	25.972	9172.761
207	534.858	0.811	1.085	0.922	0.953	26.096	9305.123
208	871.288	0.812	1.025	0.975	0.958	33.307	19346.666
209	533.987	0.848	1.030	0.971	0.963	26.075	9282.388
210	546.770	0.841	1.093	0.915	0.961	26.385	9617.692
211	536.456	0.866	1.075	0.930	0.962	26.135	9346.853
212	590.204	0.828	1.017	0.984	0.959	27.413	10786.156
213	623.469	0.864	1.055	0.948	0.966	28.175	11710.785
214	531.227	0.835	1.043	0.958	0.959	26.007	9210.514
215	516.991	0.862	1.029	0.971	0.962	25.656	8842.772
216	552.435	0.835	1.073	0.932	0.954	26.521	9767.557
217	529.920	0.855	1.021	0.979	0.961	25.975	9176.534
218	556.357	0.855	1.027	0.974	0.963	26.615	9871.760
219	626.229	0.842	1.110	0.901	0.957	28.237	11788.634
220	616.496	0.831	1.110	0.901	0.960	28.017	11514.882
221	462.517	0.865	1.087	0.920	0.963	24.267	7482.660
222	508.421	0.850	1.039	0.962	0.962	25.443	8623.797
223	538.054	0.849	1.015	0.985	0.959	26.174	9388.645
224	531.372	0.857	1.070	0.935	0.964	26.011	9214.293
225	523.528	0.824	1.047	0.955	0.957	25.818	9011.013
226	553.307	0.854	1.043	0.959	0.958	26.542	9790.681
227	529.193	0.853	1.032	0.969	0.964	25.957	9157.674
228	569.867	0.882	1.041	0.961	0.970	26.937	10233.493
229	610.395	0.835	1.021	0.980	0.962	27.878	11344.374
230	600.808	0.866	1.045	0.957	0.970	27.658	11078.150
231	665.305	0.847	1.075	0.930	0.958	29.105	12909.061
232	564.928	0.876	1.109	0.902	0.968	26.820	10100.744
233	346.743	0.873	1.078	0.927	0.962	21.012	4857.078
234	645.404	0.851	1.057	0.946	0.966	28.666	12334.198
235	556.067	0.853	1.069	0.936	0.961	26.608	9864.029
236	654.265	0.872	1.013	0.988	0.968	28.862	12589.081
237	552.000	0.858	1.001	0.999	0.962	26.511	9756.001
238	543.284	0.872	1.134	0.882	0.969	26.301	9525.852
239	547.932	0.865	1.011	0.989	0.965	26.413	9648.370
240	578.147	0.859	1.106	0.904	0.962	27.132	10457.336
241	572.191	0.857	1.042	0.960	0.963	26.991	10296.163
242	563.475	0.853	1.044	0.958	0.963	26.785	10061.810
243	595.578	0.851	1.047	0.955	0.961	27.538	10933.828
244	554.324	0.848	1.033	0.968	0.960	26.567	9817.683
245	561.587	0.832	1.093	0.915	0.957	26.740	10011.271
246	541.686	0.863	1.042	0.959	0.968	26.262	9483.858
247	581.633	0.863	1.071	0.934	0.960	27.213	10552.067
248	551.273	0.863	1.077	0.929	0.964	26.493	9736.752
249	557.229	0.859	1.058	0.945	0.964	26.636	9894.967
250	545.608	0.864	1.029	0.971	0.964	26.357	9587.046
251	557.374	0.837	1.158	0.863	0.950	26.640	9898.836
252	582.214	0.886	1.053	0.949	0.969	27.227	10567.883
253	606.764	0.851	1.074	0.931	0.964	27.795	11243.283
254	584.974	0.817	1.035	0.966	0.959	27.291	10643.118
255	530.646	0.854	1.129	0.886	0.962	25.993	9195.407
256	540.233	0.867	1.053	0.949	0.965	26.227	9445.734
257	547.932	0.844	1.048	0.954	0.959	26.413	9648.370
258	553.016	0.893	1.032	0.969	0.970	26.535	9782.971
259	550.837	0.861	1.017	0.983	0.966	26.483	9725.209
260	518.008	0.846	1.130	0.885	0.960	25.682	8868.873
261	550.402	0.833	1.030	0.971	0.957	26.472	9713.670
262	574.661	0.847	1.047	0.955	0.962	27.050	10362.890
263	768.006	0.830	1.012	0.988	0.961	31.271	16010.703
264	510.745	0.877	1.028	0.973	0.968	25.501	8682.999
265	514.957	0.862	1.048	0.954	0.961	25.606	8790.646
266	556.648	0.851	1.083	0.923	0.966	26.622	9879.494
267	544.301	0.861	1.016	0.985	0.965	26.325	9552.609
268	573.644	0.875	1.032	0.969	0.969	27.026	10335.397
269	470.216	0.841	1.007	0.993	0.960	24.468	7670.267
270	532.098	0.867	1.067	0.937	0.964	26.029	9233.191
271	589.477	0.850	1.073	0.932	0.963	27.396	10766.251
272	566.090	0.848	1.046	0.956	0.960	26.847	10131.927
273	523.673	0.837	1.066	0.938	0.955	25.822	9014.764
274	570.738	0.848	1.096	0.912	0.958	26.957	10256.980
275	503.772	0.858	1.043	0.958	0.957	25.326	8505.798
276	567.397	0.830	1.075	0.930	0.960	26.878	10167.046
277	554.905	0.878	1.040	0.962	0.968	26.581	9833.123
278	603.858	0.866	1.076	0.929	0.970	27.728	11162.629
279	412.256	0.870	1.050	0.952	0.964	22.911	6296.729
280	595.578	0.856	1.013	0.987	0.967	27.538	10933.828
281	596.886	0.848	1.026	0.974	0.962	27.568	10969.849
282	516.555	0.871	1.028	0.972	0.963	25.646	8831.594
283	613.591	0.895	1.045	0.957	0.971	27.951	11433.582
284	536.166	0.863	1.037	0.964	0.965	26.128	9339.261
285	557.084	0.855	1.061	0.943	0.963	26.633	9891.098
286	490.263	0.838	1.078	0.927	0.958	24.984	8165.957
287	673.149	0.869	1.041	0.960	0.964	29.276	13138.037
288	563.766	0.849	1.028	0.973	0.958	26.792	10069.593
289	523.092	0.861	1.099	0.910	0.965	25.807	8999.764
290	553.888	0.809	1.057	0.946	0.954	26.556	9806.108
291	578.583	0.846	1.056	0.947	0.962	27.142	10469.162
292	550.983	0.857	1.008	0.992	0.964	26.486	9729.056
293	529.920	0.851	1.048	0.954	0.958	25.975	9176.534
294	586.136	0.815	1.049	0.954	0.951	27.318	10674.849
295	520.477	0.854	1.071	0.933	0.961	25.743	8932.369
296	550.547	0.873	1.047	0.955	0.964	26.476	9717.516
297	539.507	0.844	1.038	0.964	0.952	26.209	9426.692
298	489.682	0.860	1.025	0.976	0.960	24.970	8151.444
299	595.869	0.861	1.054	0.949	0.969	27.544	10941.829
300	554.905	0.824	1.170	0.855	0.951	26.581	9833.123
301	512.343	0.854	1.075	0.930	0.963	25.541	8723.779
302	526.578	0.866	1.046	0.956	0.964	25.893	9089.887
303	656.444	0.865	1.010	0.990	0.970	28.910	12652.023
304	549.094	0.862	1.041	0.960	0.961	26.441	9679.081
305	502.465	0.861	1.025	0.975	0.967	25.293	8472.709
306	448.717	0.881	1.046	0.956	0.965	23.902	7150.284
307	653.829	0.870	1.082	0.924	0.966	28.853	12576.505
308	570.157	0.863	1.129	0.886	0.968	26.943	10241.320
309	605.166	0.836	1.070	0.934	0.960	27.758	11198.899
310	549.966	0.839	1.032	0.969	0.959	26.462	9702.136
311	548.368	0.878	1.036	0.965	0.967	26.424	9659.883
312	536.311	0.859	1.036	0.966	0.958	26.131	9343.057
313	563.911	0.802	1.085	0.922	0.949	26.795	10073.485
314	610.976	0.855	1.051	0.951	0.963	27.891	11360.576
315	538.635	0.877	1.068	0.936	0.962	26.188	9403.857
316	555.776	0.824	1.021	0.979	0.956	26.601	9856.300
317	542.848	0.857	1.019	0.981	0.965	26.290	9514.393
318	544.591	0.829	1.028	0.973	0.949	26.332	9560.258
319	532.389	0.865	1.067	0.937	0.965	26.036	9240.754
320	557.374	0.825	1.006	0.994	0.952	26.640	9898.836
321	592.383	0.852	1.005	0.995	0.965	27.464	10845.942
322	577.856	0.827	1.027	0.974	0.960	27.125	10449.454
323	557.955	0.870	1.046	0.956	0.967	26.654	9914.319
324	538.345	0.876	1.051	0.951	0.968	26.181	9396.250
325	609.814	0.821	1.168	0.856	0.961	27.865	11328.179
326	578.437	0.835	1.059	0.944	0.959	27.138	10465.219
327	583.231	0.841	1.072	0.933	0.961	27.251	10595.581
328	567.543	0.849	1.058	0.945	0.959	26.882	10170.951
329	656.153	0.858	1.030	0.971	0.962	28.904	12643.624
330	506.242	0.870	1.082	0.924	0.968	25.388	8568.417
331	537.764	0.849	1.042	0.960	0.958	26.167	9381.042
332	658.187	0.850	1.071	0.934	0.965	28.949	12702.451
333	580.907	0.874	1.075	0.930	0.969	27.196	10532.308
334	600.808	0.806	1.033	0.968	0.946	27.658	11078.150
335	632.475	0.880	1.050	0.952	0.970	28.378	11965.451
336	949.294	0.843	1.063	0.941	0.955	34.766	22002.135
337	533.842	0.892	1.069	0.936	0.968	26.071	9278.600
338	544.301	0.849	1.023	0.977	0.965	26.325	9552.609
339	563.330	0.866	1.066	0.938	0.966	26.782	10057.919
340	622.307	0.873	1.058	0.945	0.968	28.149	11678.058
341	563.766	0.807	1.103	0.907	0.953	26.792	10069.593
342	640.174	0.865	1.023	0.978	0.960	28.550	12184.593
343	571.755	0.876	1.039	0.963	0.972	26.981	10284.403
344	526.578	0.875	1.015	0.986	0.965	25.893	9089.887
345	616.351	0.836	1.041	0.961	0.962	28.014	11510.813
346	498.833	0.831	1.031	0.970	0.951	25.202	8381.020
347	577.130	0.833	1.018	0.982	0.958	27.108	10429.759
348	524.835	0.885	1.039	0.962	0.970	25.850	9044.788
349	624.050	0.838	1.028	0.972	0.963	28.188	11727.160
350	577.856	0.860	1.067	0.937	0.972	27.125	10449.454
351	543.720	0.861	1.021	0.979	0.965	26.311	9537.316
352	535.875	0.802	1.045	0.957	0.951	26.121	9331.671
353	642.644	0.849	1.068	0.937	0.962	28.605	12255.164
354	589.768	0.873	1.028	0.973	0.964	27.403	10774.211
355	418.793	0.843	1.038	0.964	0.952	23.092	6447.085
356	619.837	0.870	1.019	0.981	0.962	28.093	11608.615
357	602.987	0.878	1.068	0.936	0.971	27.708	11138.470
358	541.105	0.816	1.050	0.952	0.952	26.248	9468.602
359	623.324	0.836	1.065	0.939	0.960	28.172	11706.693
360	553.743	0.871	1.056	0.947	0.968	26.553	9802.250
361	568.414	0.866	1.051	0.952	0.965	26.902	10194.389
362	530.355	0.862	1.014	0.986	0.964	25.986	9187.856
363	535.294	0.899	1.035	0.966	0.973	26.107	9316.498
364	538.200	0.850	1.007	0.993	0.962	26.177	9392.447
365	536.456	0.835	1.022	0.979	0.963	26.135	9346.853
366	476.172	0.837	1.051	0.951	0.965	24.623	7816.456
367	543.138	0.857	1.037	0.965	0.962	26.297	9522.032
368	546.915	0.868	1.069	0.936	0.965	26.389	9621.525
369	500.576	0.879	1.086	0.921	0.965	25.246	8424.989
370	536.602	0.824	1.020	0.981	0.952	26.139	9350.650
371	543.574	0.843	1.059	0.944	0.960	26.308	9533.494
372	603.277	0.861	1.015	0.985	0.961	27.715	11146.521
373	549.966	0.847	1.043	0.959	0.957	26.462	9702.136
374	950.601	0.875	1.025	0.976	0.974	34.790	22047.603
375	592.673	0.872	1.033	0.968	0.969	27.470	10853.922
376	571.901	0.843	1.094	0.914	0.956	26.985	10288.322
377	559.263	0.814	1.021	0.980	0.948	26.685	9949.186
378	530.501	0.879	1.049	0.953	0.966	25.990	9191.631
379	590.785	0.851	1.037	0.964	0.963	27.426	10802.088
380	612.719	0.867	1.056	0.947	0.972	27.931	11409.229
381	508.421	0.844	1.127	0.887	0.960	25.443	8623.797
382	509.292	0.841	1.076	0.930	0.961	25.465	8645.982
383	520.768	0.852	1.049	0.954	0.958	25.750	8939.849
384	574.661	0.847	1.013	0.987	0.961	27.050	10362.890
385	536.602	0.854	1.066	0.938	0.960	26.139	9350.650
386	571.174	0.847	1.016	0.984	0.959	26.967	10268.729
387	592.092	0.834	1.023	0.977	0.950	27.457	10837.964
388	539.797	0.857	1.060	0.944	0.960	26.216	9434.307
389	584.248	0.878	1.065	0.939	0.967	27.274	10623.302
390	585.410	0.868	1.032	0.969	0.967	27.301	10655.014
391	603.423	0.854	1.033	0.968	0.959	27.718	11150.547
392	525.997	0.861	1.050	0.952	0.971	25.879	9074.845
393	560.280	0.813	1.041	0.960	0.955	26.709	9976.332
394	523.528	0.875	1.005	0.995	0.968	25.818	9011.013
395	647.873	0.873	1.021	0.979	0.971	28.721	12405.056
396	537.183	0.850	1.111	0.900	0.963	26.153	9365.842
397	567.978	0.854	1.069	0.935	0.964	26.892	10182.668
398	506.387	0.893	1.052	0.951	0.969	25.392	8572.106
399	519.315	0.863	1.021	0.980	0.962	25.714	8902.470
400	599.210	0.887	1.046	0.956	0.972	27.621	11033.985
401	546.189	0.846	1.036	0.965	0.959	26.371	9602.365
402	568.559	0.849	1.060	0.943	0.959	26.906	10198.298
403	592.964	0.854	1.033	0.968	0.963	27.477	10861.904
404	479.223	0.812	1.220	0.819	0.954	24.702	7891.688
405	526.143	0.835	1.092	0.916	0.953	25.883	9078.605
406	573.208	0.851	1.079	0.926	0.961	27.015	10323.621
407	831.050	0.841	1.143	0.875	0.968	32.529	18022.057
408	542.993	0.852	1.042	0.960	0.963	26.294	9518.212
409	506.968	0.854	1.107	0.903	0.962	25.407	8586.864
410	678.524	0.865	1.029	0.972	0.966	29.393	13295.701
411	610.976	0.824	1.020	0.980	0.958	27.891	11360.576
412	635.962	0.846	1.067	0.937	0.954	28.456	12064.521
413	584.393	0.887	1.054	0.949	0.970	27.278	10627.265
414	588.751	0.877	1.021	0.979	0.962	27.379	10746.359
415	591.656	0.838	1.020	0.981	0.953	27.447	10826.001
416	437.968	0.813	1.325	0.755	0.944	23.614	6894.891
417	636.397	0.820	1.048	0.954	0.955	28.466	12076.924
418	487.648	0.851	1.150	0.870	0.960	24.918	8100.717
419	606.328	0.809	1.025	0.976	0.946	27.785	11231.173
420	526.724	0.844	1.091	0.917	0.956	25.897	9093.648
421	553.307	0.812	1.125	0.889	0.951	26.542	9790.681
422	683.463	0.824	1.077	0.929	0.960	29.499	13441.133
423	572.482	0.851	1.081	0.925	0.950	26.998	10304.006
424	547.932	0.875	1.055	0.948	0.969	26.413	9648.370
425	604.004	0.818	1.032	0.969	0.951	27.732	11166.657
426	526.143	0.874	1.053	0.949	0.969	25.883	9078.605
427	605.021	0.804	1.051	0.951	0.949	27.755	11194.867
428	518.880	0.850	1.038	0.964	0.960	25.703	8891.266
429	574.661	0.842	1.060	0.943	0.957	27.050	10362.890
430	606.037	0.842	1.056	0.947	0.959	27.778	11223.102
431	533.406	0.838	1.054	0.948	0.960	26.061	9267.241
432	506.242	0.880	1.102	0.908	0.968	25.388	8568.417
433	664.869	0.844	1.070	0.935	0.964	29.095	12896.380
434	537.473	0.848	1.104	0.906	0.962	26.160	9373.441
435	541.250	0.860	1.096	0.912	0.966	26.251	9472.415
436	572.482	0.871	1.027	0.973	0.967	26.998	10304.006
437	606.909	0.879	1.036	0.965	0.967	27.798	11247.321
438	582.214	0.840	1.064	0.940	0.960	27.227	10567.883
439	659.058	0.841	1.048	0.954	0.960	28.968	12727.691
440	385.673	0.877	1.056	0.947	0.963	22.160	5697.617
441	513.941	0.803	1.120	0.893	0.953	25.581	8764.622
442	591.511	0.858	1.050	0.952	0.965	27.443	10822.014
443	509.437	0.840	1.142	0.876	0.955	25.468	8649.681
444	497.235	0.841	1.054	0.949	0.946	25.161	8340.782
445	554.760	0.843	1.080	0.926	0.956	26.577	9829.262
446	563.185	0.847	1.043	0.959	0.957	26.778	10054.029
447	581.633	0.824	1.051	0.951	0.955	27.213	10552.067
448	607.345	0.872	1.050	0.953	0.969	27.808	11259.438
449	537.183	0.876	1.064	0.940	0.966	26.153	9365.842
450	546.334	0.816	1.077	0.929	0.958	26.375	9606.196
451	510.890	0.849	1.062	0.942	0.956	25.505	8686.703
452	521.494	0.834	1.041	0.961	0.960	25.768	8958.558
453	506.532	0.842	1.008	0.993	0.958	25.396	8575.795
454	537.183	0.856	1.029	0.972	0.961	26.153	9365.842
455	518.153	0.836	1.044	0.957	0.958	25.685	8872.604
456	630.587	0.819	1.135	0.881	0.955	28.335	11911.902
457	492.006	0.830	1.147	0.872	0.964	25.029	8209.548
458	540.524	0.857	1.058	0.945	0.962	26.234	9453.355
459	543.720	0.845	1.044	0.958	0.960	26.311	9537.316
460	516.120	0.873	1.006	0.994	0.965	25.635	8820.420
461	515.248	0.851	1.049	0.953	0.959	25.613	8798.087
462	524.835	0.863	1.033	0.968	0.966	25.850	9044.788
463	537.764	0.847	1.026	0.974	0.956	26.167	9381.042
464	556.648	0.858	1.056	0.947	0.961	26.622	9879.494
465	487.939	0.801	1.074	0.931	0.946	24.925	8107.957
466	500.286	0.850	1.103	0.906	0.960	25.239	8417.656
467	529.193	0.859	1.065	0.939	0.966	25.957	9157.674
468	538.781	0.844	1.028	0.973	0.959	26.192	9407.662
469	534.277	0.828	1.021	0.980	0.955	26.082	9289.964
470	644.532	0.833	1.089	0.919	0.959	28.647	12309.222
471	576.549	0.823	1.029	0.972	0.954	27.094	10414.012
472	629.570	0.865	1.096	0.913	0.969	28.312	11883.101
473	592.964	0.865	1.051	0.952	0.969	27.477	10861.904
474	551.564	0.853	1.065	0.939	0.967	26.500	9744.450
475	611.412	0.858	1.047	0.955	0.964	27.901	11372.733
476	570.884	0.851	1.030	0.971	0.959	26.961	10260.896
477	555.486	0.843	1.163	0.860	0.973	26.594	9848.572
478	573.353	0.827	1.061	0.942	0.955	27.019	10327.546
479	594.562	0.846	1.031	0.970	0.964	27.514	10905.839
480	548.949	0.861	1.028	0.973	0.969	26.438	9675.241
481	634.509	0.852	1.117	0.895	0.970	28.423	12023.209
482	617.949	0.812	1.033	0.968	0.958	28.050	11555.605
483	514.231	0.852	1.067	0.937	0.964	25.588	8772.055
484	499.705	0.805	1.073	0.932	0.948	25.224	8402.995
485	607.199	0.833	1.044	0.958	0.950	27.805	11255.398
486	540.088	0.834	1.023	0.978	0.952	26.223	9441.925
487	591.802	0.879	1.056	0.947	0.972	27.450	10829.988
488	555.922	0.811	1.060	0.944	0.956	26.605	9860.164
489	585.410	0.848	1.167	0.857	0.960	27.301	10655.014
490	562.168	0.816	1.071	0.934	0.958	26.754	10026.812
491	458.305	0.816	1.070	0.934	0.956	24.156	7380.665
492	442.471	0.807	1.173	0.853	0.942	23.735	7001.503
493	397.585	0.834	1.275	0.784	0.962	22.499	5963.602
494	584.829	0.872	1.032	0.969	0.965	27.288	10639.154
495	634.799	0.860	1.058	0.945	0.969	28.430	12031.467
496	553.888	0.836	1.055	0.948	0.949	26.556	9806.108
497	576.549	0.826	1.025	0.975	0.947	27.094	10414.012
498	567.833	0.819	1.147	0.872	0.951	26.888	10178.762
499	631.313	0.854	1.049	0.953	0.959	28.352	11932.489
500	504.499	0.844	1.107	0.903	0.950	25.345	8524.200
501	546.044	0.855	1.033	0.968	0.957	26.367	9598.535
502	551.128	0.870	1.021	0.980	0.964	26.490	9732.904
503	567.107	0.865	1.054	0.948	0.961	26.871	10159.239
504	537.037	0.815	1.053	0.950	0.953	26.149	9362.043
505	596.595	0.831	1.138	0.879	0.947	27.561	10961.841
506	538.345	0.843	1.023	0.977	0.959	26.181	9396.250
507	540.669	0.858	1.036	0.966	0.967	26.237	9457.166
508	560.715	0.839	1.074	0.931	0.959	26.719	9987.974
509	522.511	0.823	1.274	0.785	0.949	25.793	8984.773
510	565.799	0.837	1.070	0.935	0.951	26.840	10124.128
511	559.989	0.878	1.148	0.871	0.971	26.702	9968.574
512	573.063	0.856	1.023	0.978	0.962	27.012	10319.697
513	547.206	0.870	1.030	0.971	0.966	26.396	9629.193
514	635.235	0.860	1.005	0.995	0.967	28.440	12043.859
515	502.755	0.861	1.068	0.936	0.962	25.301	8480.058
516	613.591	0.843	1.087	0.920	0.962	27.951	11433.582
517	596.305	0.852	1.059	0.944	0.966	27.554	10953.835
518	605.892	0.816	1.148	0.871	0.960	27.775	11219.067
519	582.359	0.865	1.118	0.894	0.966	27.230	10571.839
520	538.345	0.866	1.015	0.985	0.962	26.181	9396.250
521	570.012	0.850	1.062	0.942	0.952	26.940	10237.406
522	510.745	0.865	1.140	0.877	0.972	25.501	8682.999
523	483.581	0.818	1.016	0.984	0.944	24.814	7999.579
524	547.642	0.868	1.051	0.952	0.965	26.406	9640.698
525	596.159	0.883	1.033	0.968	0.970	27.551	10949.832
526	541.541	0.871	1.049	0.953	0.967	26.259	9480.043
527	538.054	0.828	1.041	0.961	0.959	26.174	9388.645
528	549.530	0.842	1.047	0.955	0.958	26.452	9690.606
529	599.210	0.860	1.048	0.954	0.963	27.621	11033.985
530	512.924	0.846	1.061	0.943	0.954	25.555	8738.623
531	611.267	0.871	1.046	0.956	0.969	27.898	11368.680
532	576.839	0.848	1.019	0.981	0.964	27.101	10421.885
533	527.886	0.801	1.061	0.942	0.948	25.925	9123.760
534	800.399	0.834	1.044	0.958	0.962	31.923	17034.282
535	429.979	0.818	1.095	0.913	0.970	23.398	6707.088
536	535.294	0.860	1.032	0.969	0.960	26.107	9316.498
537	532.534	0.869	1.047	0.955	0.970	26.039	9244.536
538	366.208	0.831	1.213	0.824	0.959	21.593	5271.761
539	542.993	0.849	1.058	0.945	0.957	26.294	9518.212
540	528.467	0.889	1.028	0.973	0.970	25.940	9138.828
541	651.795	0.874	1.019	0.981	0.964	28.808	12517.873
542	624.922	0.857	1.073	0.932	0.964	28.208	11751.737
543	562.894	0.867	1.076	0.929	0.967	26.771	10046.251
544	527.741	0.852	1.090	0.917	0.954	25.922	9119.994
545	512.343	0.842	1.027	0.973	0.962	25.541	8723.779
546	496.509	0.844	1.067	0.937	0.961	25.143	8322.514
547	552.871	0.863	1.071	0.934	0.962	26.532	9779.117
548	572.482	0.854	1.035	0.966	0.959	26.998	10304.006
549	500.141	0.879	1.078	0.928	0.968	25.235	8413.990
550	545.317	0.842	1.077	0.929	0.956	26.350	9579.390
551	512.778	0.827	1.016	0.984	0.956	25.552	8734.911
552	544.736	0.835	1.054	0.949	0.960	26.336	9564.083
553	550.692	0.887	1.033	0.968	0.972	26.479	9721.362
554	539.216	0.850	1.034	0.967	0.962	26.202	9419.078
555	549.675	0.859	1.012	0.989	0.962	26.455	9694.449
556	540.524	0.864	1.043	0.958	0.966	26.234	9453.355
557	649.616	0.858	1.094	0.914	0.970	28.760	12455.155
558	616.206	0.874	1.064	0.940	0.970	28.010	11506.744
559	552.581	0.865	1.070	0.934	0.967	26.525	9771.409
560	550.111	0.888	1.055	0.948	0.971	26.466	9705.980
561	502.320	0.822	1.208	0.828	0.949	25.290	8469.035
562	450.896	0.803	1.204	0.831	0.949	23.960	7202.429
563	542.848	0.844	1.009	0.991	0.961	26.290	9514.393
564	538.926	0.840	1.080	0.926	0.955	26.195	9411.467
565	512.052	0.803	1.213	0.824	0.948	25.534	8716.359
566	538.781	0.876	1.125	0.889	0.965	26.192	9407.662
567	572.336	0.833	1.051	0.951	0.958	26.995	10300.084
568	577.275	0.834	1.071	0.934	0.957	27.111	10433.697
569	559.408	0.807	1.034	0.967	0.953	26.688	9953.062
570	565.364	0.867	1.060	0.944	0.964	26.830	10112.434
571	546.625	0.857	1.008	0.992	0.961	26.382	9613.860
572	584.829	0.861	1.025	0.976	0.964	27.288	10639.154
573	590.058	0.856	1.023	0.977	0.965	27.410	10782.174
574	503.336	0.860	1.039	0.962	0.963	25.315	8494.764
575	591.802	0.867	1.035	0.966	0.964	27.450	10829.988
576	554.033	0.852	1.039	0.963	0.958	26.560	9809.965
577	500.141	0.836	1.107	0.903	0.956	25.235	8413.990
578	528.031	0.849	1.042	0.960	0.965	25.929	9127.526
579	529.920	0.861	1.046	0.956	0.971	25.975	9176.534
580	536.166	0.859	1.131	0.884	0.964	26.128	9339.261
581	534.277	0.830	1.108	0.902	0.962	26.082	9289.964
582	520.042	0.827	1.108	0.903	0.964	25.732	8921.153
583	626.810	0.825	1.103	0.906	0.957	28.250	11805.045
584	568.124	0.846	1.045	0.957	0.963	26.895	10186.575
585	544.446	0.873	1.030	0.971	0.967	26.329	9556.433
586	922.130	0.850	1.062	0.942	0.969	34.265	21064.532
587	563.621	0.876	1.028	0.973	0.967	26.789	10065.701
588	586.282	0.823	1.046	0.956	0.954	27.322	10678.818
589	532.098	0.869	1.014	0.986	0.966	26.029	9233.191
590	516.846	0.841	1.054	0.948	0.960	25.653	8839.045
591	501.012	0.860	1.060	0.944	0.960	25.257	8435.994
592	539.362	0.868	1.103	0.907	0.967	26.206	9422.885
593	597.031	0.879	1.078	0.928	0.971	27.571	10973.854
594	487.067	0.846	1.260	0.794	0.954	24.903	8086.243
595	599.210	0.851	1.041	0.960	0.967	27.621	11033.985
596	769.168	0.854	1.072	0.933	0.967	31.294	16047.057
597	539.071	0.861	1.035	0.966	0.964	26.199	9415.272
598	600.372	0.801	1.010	0.990	0.948	27.648	11066.099
599	480.530	0.845	1.108	0.903	0.953	24.735	7924.004
600	487.648	0.845	1.085	0.921	0.958	24.918	8100.717
601	541.976	0.809	1.101	0.908	0.954	26.269	9491.488
602	529.048	0.852	1.102	0.908	0.960	25.954	9153.904
603	578.728	0.815	1.185	0.844	0.958	27.145	10473.105
604	551.854	0.814	1.051	0.952	0.953	26.507	9752.150
605	606.183	0.878	1.033	0.968	0.965	27.782	11227.137
606	545.608	0.865	1.083	0.924	0.961	26.357	9587.046
607	542.993	0.873	1.061	0.943	0.971	26.294	9518.212
608	504.789	0.800	1.094	0.914	0.945	25.352	8531.564
609	627.391	0.850	1.005	0.995	0.965	28.263	11821.464
610	556.067	0.868	1.028	0.973	0.963	26.608	9864.029
611	605.456	0.830	1.015	0.985	0.962	27.765	11206.965
612	520.332	0.849	1.021	0.979	0.960	25.739	8928.630
613	549.240	0.840	1.091	0.916	0.958	26.445	9682.923
614	542.703	0.849	1.072	0.933	0.964	26.287	9510.574
615	536.311	0.847	1.064	0.940	0.960	26.131	9343.057
616	537.764	0.841	1.119	0.893	0.963	26.167	9381.042
617	584.393	0.837	1.078	0.927	0.955	27.278	10627.265
618	542.848	0.832	1.032	0.969	0.955	26.290	9514.393
619	563.621	0.808	1.095	0.913	0.948	26.789	10065.701
620	589.623	0.832	1.142	0.876	0.962	27.399	10770.231
621	561.006	0.837	1.058	0.945	0.961	26.726	9995.738
622	555.631	0.870	1.097	0.912	0.967	26.598	9852.436
623	597.612	0.846	1.034	0.967	0.962	27.584	10989.878
624	619.692	0.848	1.032	0.969	0.961	28.089	11604.534
625	583.231	0.869	1.096	0.912	0.971	27.251	10595.581
626	571.174	0.845	1.069	0.935	0.961	26.967	10268.729
627	549.675	0.850	1.185	0.844	0.971	26.455	9694.449
628	635.816	0.862	1.047	0.956	0.964	28.453	12060.388
629	483.290	0.834	1.133	0.883	0.949	24.806	7992.371
630	500.722	0.865	1.042	0.960	0.961	25.250	8428.657
631	563.475	0.856	1.010	0.990	0.963	26.785	10061.810
632	560.280	0.864	1.072	0.933	0.965	26.709	9976.332
633	528.176	0.822	1.069	0.936	0.958	25.933	9131.293
634	552.290	0.850	1.099	0.910	0.964	26.518	9763.704
635	584.974	0.807	1.080	0.926	0.951	27.291	10643.118
636	540.669	0.811	1.114	0.897	0.955	26.237	9457.166
637	476.608	0.814	1.147	0.871	0.942	24.634	7827.188
638	576.839	0.848	1.002	0.998	0.961	27.101	10421.885
639	552.145	0.870	1.091	0.917	0.960	26.514	9759.852
640	615.479	0.863	1.015	0.985	0.967	27.994	11486.405
641	612.574	0.863	1.024	0.976	0.967	27.928	11405.172
642	617.949	0.824	1.039	0.962	0.957	28.050	11555.605
643	539.652	0.832	1.019	0.982	0.957	26.213	9430.499
644	547.206	0.834	1.066	0.938	0.954	26.396	9629.193
645	532.680	0.849	1.054	0.949	0.964	26.043	9248.319
646	573.644	0.875	1.128	0.886	0.969	27.026	10335.397
647	656.879	0.868	1.045	0.957	0.965	28.920	12664.623
648	630.006	0.867	1.088	0.919	0.968	28.322	11895.442
649	581.488	0.814	1.050	0.952	0.958	27.210	10548.114
650	569.286	0.832	1.134	0.882	0.956	26.923	10217.846
651	575.242	0.860	1.110	0.901	0.964	27.063	10378.611
652	582.795	0.860	1.082	0.924	0.968	27.240	10583.708
653	498.833	0.866	1.107	0.903	0.964	25.202	8381.020
654	532.534	0.861	1.088	0.919	0.967	26.039	9244.536
655	525.852	0.847	1.022	0.978	0.959	25.875	9071.086
656	649.326	0.861	1.041	0.960	0.970	28.753	12446.801
657	649.326	0.848	1.021	0.980	0.962	28.753	12446.801
658	576.549	0.867	1.075	0.931	0.969	27.094	10414.012
659	505.225	0.859	1.046	0.956	0.964	25.363	8542.615
660	589.187	0.876	1.057	0.946	0.967	27.389	10758.293
661	626.810	0.848	1.023	0.977	0.954	28.250	11805.045
662	594.271	0.826	1.022	0.978	0.953	27.507	10897.846
663	617.804	0.806	1.013	0.987	0.952	28.047	11551.530
664	531.953	0.882	1.077	0.928	0.966	26.025	9229.410
665	563.330	0.876	1.005	0.995	0.967	26.782	10057.919
666	566.816	0.864	1.193	0.839	0.971	26.864	10151.433
667	595.288	0.869	1.030	0.971	0.963	27.531	10925.828
668	576.694	0.804	1.046	0.956	0.950	27.097	10417.948
669	562.023	0.875	1.027	0.974	0.966	26.751	10022.926
670	578.583	0.809	1.033	0.968	0.952	27.142	10469.162
671	429.688	0.808	1.165	0.858	0.957	23.390	6700.292
672	558.536	0.832	1.137	0.879	0.961	26.667	9929.811
673	537.473	0.871	1.056	0.947	0.964	26.160	9373.441
674	611.703	0.822	1.212	0.825	0.965	27.908	11380.840
675	551.709	0.883	1.056	0.947	0.969	26.504	9748.300
676	582.795	0.851	1.098	0.911	0.961	27.240	10583.708
677	555.776	0.823	1.043	0.959	0.948	26.601	9856.300
678	488.229	0.860	1.033	0.968	0.963	24.933	8115.200
679	546.480	0.844	1.129	0.886	0.961	26.378	9610.028
680	591.656	0.861	1.035	0.966	0.966	27.447	10826.001
681	526.288	0.864	1.021	0.979	0.963	25.886	9082.365
682	523.383	0.815	1.086	0.921	0.965	25.815	9007.263
683	516.265	0.847	1.097	0.912	0.957	25.638	8824.144
684	567.833	0.840	1.048	0.954	0.960	26.888	10178.762
685	544.010	0.864	1.049	0.953	0.968	26.318	9544.961
686	591.947	0.883	1.030	0.971	0.970	27.453	10833.976
687	545.027	0.872	1.081	0.925	0.962	26.343	9571.736
688	640.755	0.816	1.029	0.972	0.950	28.563	12201.186
689	564.347	0.879	1.052	0.951	0.969	26.806	10085.164
690	535.004	0.871	1.037	0.964	0.960	26.100	9308.914
691	526.578	0.829	1.020	0.980	0.949	25.893	9089.887
692	676.490	0.824	1.044	0.958	0.958	29.348	13235.971
693	629.860	0.879	1.006	0.994	0.967	28.319	11891.328
694	630.006	0.857	1.097	0.911	0.970	28.322	11895.442
695	592.237	0.856	1.081	0.925	0.969	27.460	10841.953
696	596.159	0.830	1.066	0.938	0.957	27.551	10949.832
697	441.600	0.827	1.233	0.811	0.958	23.712	6980.826
698	469.926	0.819	1.215	0.823	0.940	24.461	7663.160
699	565.799	0.868	1.099	0.910	0.966	26.840	10124.128
700	623.469	0.883	1.028	0.973	0.967	28.175	11710.785
701	604.004	0.823	1.083	0.924	0.955	27.732	11166.657
702	513.360	0.847	1.037	0.964	0.951	25.566	8749.762
703	684.334	0.845	1.220	0.820	0.962	29.518	13466.852
704	568.559	0.831	1.042	0.960	0.956	26.906	10198.298
705	530.791	0.814	1.208	0.828	0.952	25.997	9199.183
706	568.850	0.867	1.025	0.975	0.968	26.912	10206.115
707	606.328	0.840	1.052	0.951	0.965	27.785	11231.173
708	558.827	0.835	1.061	0.942	0.958	26.674	9937.559
709	622.016	0.855	1.063	0.940	0.966	28.142	11669.881
710	606.909	0.811	1.006	0.994	0.945	27.798	11247.321
711	558.246	0.846	1.053	0.950	0.958	26.660	9922.064
712	495.783	0.862	1.044	0.957	0.961	25.125	8304.259
713	493.168	0.873	1.092	0.916	0.964	25.058	8238.651
714	563.766	0.846	1.025	0.975	0.961	26.792	10069.593
715	517.427	0.814	1.129	0.886	0.954	25.667	8853.955
716	622.016	0.840	1.038	0.963	0.962	28.142	11669.881
717	539.216	0.857	1.036	0.965	0.958	26.202	9419.078
718	546.480	0.841	1.012	0.988	0.967	26.378	9610.028
719	554.033	0.848	1.068	0.936	0.962	26.560	9809.965
720	520.332	0.840	1.069	0.936	0.959	25.739	8928.630
721	537.764	0.865	1.008	0.992	0.962	26.167	9381.042
722	650.924	0.869	1.026	0.975	0.966	28.789	12492.773
723	572.917	0.878	1.018	0.983	0.967	27.009	10315.774
724	599.936	0.859	1.056	0.947	0.969	27.638	11054.053
725	430.269	0.817	1.077	0.928	0.962	23.406	6713.887
726	559.408	0.838	1.011	0.989	0.957	26.688	9953.062
727	584.103	0.868	1.010	0.990	0.966	27.271	10619.341
728	635.526	0.871	1.046	0.956	0.966	28.446	12052.122
729	547.787	0.864	1.025	0.976	0.963	26.410	9644.534
730	585.410	0.818	1.016	0.984	0.950	27.301	10655.014
731	572.482	0.814	1.037	0.964	0.949	26.998	10304.006
732	572.191	0.812	1.038	0.963	0.960	26.991	10296.163
733	515.829	0.827	1.055	0.948	0.945	25.628	8812.973
734	605.166	0.825	1.017	0.983	0.965	27.758	11198.899
735	581.343	0.891	1.062	0.942	0.970	27.206	10544.162
736	527.886	0.864	1.021	0.979	0.963	25.925	9123.760
737	531.082	0.830	1.069	0.935	0.958	26.004	9206.737
738	546.915	0.840	1.069	0.935	0.951	26.389	9621.525
739	584.538	0.838	1.044	0.957	0.962	27.281	10631.227
740	819.138	0.844	1.101	0.909	0.960	32.295	17635.980
741	568.850	0.854	1.086	0.921	0.963	26.912	10206.115
742	587.444	0.882	1.043	0.959	0.967	27.349	10710.584
743	543.720	0.823	1.063	0.941	0.951	26.311	9537.316
744	588.606	0.830	1.104	0.906	0.949	27.376	10742.382
745	533.115	0.860	1.049	0.953	0.962	26.053	9259.671
746	620.709	0.841	1.055	0.947	0.961	28.112	11633.109
747	537.764	0.815	1.140	0.877	0.957	26.167	9381.042
748	707.140	0.826	1.371	0.729	0.958	30.006	14145.630
749	457.724	0.891	1.033	0.968	0.964	24.141	7366.633
750	522.802	0.852	1.042	0.960	0.959	25.800	8992.267
751	556.067	0.875	1.054	0.948	0.965	26.608	9864.029
752	668.646	0.855	1.057	0.946	0.968	29.178	13006.424
753	583.812	0.876	1.083	0.923	0.968	27.264	10611.419
754	525.562	0.849	1.093	0.915	0.960	25.868	9063.570
755	609.233	0.842	1.107	0.904	0.963	27.851	11311.992
756	613.446	0.856	1.056	0.947	0.965	27.948	11429.522
757	531.372	0.870	1.068	0.936	0.962	26.011	9214.293
758	600.808	0.856	1.058	0.945	0.970	27.658	11078.150
759	580.616	0.816	1.117	0.895	0.952	27.189	10524.408
760	514.231	0.865	1.039	0.962	0.959	25.588	8772.055
761	572.917	0.841	1.102	0.907	0.961	27.009	10315.774
762	555.631	0.815	1.049	0.953	0.952	26.598	9852.436
763	503.917	0.841	1.033	0.968	0.959	25.330	8509.478
764	587.008	0.826	1.062	0.942	0.955	27.339	10698.668
765	517.282	0.824	1.033	0.968	0.953	25.664	8850.227
766	610.686	0.870	1.059	0.944	0.968	27.885	11352.474
767	577.275	0.846	1.011	0.989	0.962	27.111	10433.697
768	549.530	0.848	1.038	0.963	0.966	26.452	9690.606
769	588.170	0.839	1.043	0.959	0.963	27.366	10730.454
770	585.701	0.836	1.041	0.961	0.963	27.308	10662.947
771	549.821	0.869	1.061	0.942	0.968	26.459	9698.292
772	644.677	0.806	1.100	0.909	0.950	28.650	12313.383
773	569.286	0.874	1.099	0.910	0.970	26.923	10217.846
774	616.642	0.810	1.017	0.983	0.949	28.020	11518.952
775	559.698	0.816	1.094	0.914	0.958	26.695	9960.817
776	588.606	0.867	1.019	0.982	0.963	27.376	10742.382
777	496.219	0.837	1.100	0.909	0.953	25.136	8315.210
778	599.210	0.876	1.028	0.973	0.967	27.621	11033.985
779	590.639	0.853	1.070	0.935	0.961	27.423	10798.104
780	625.503	0.851	1.073	0.932	0.961	28.221	11768.131
781	554.614	0.819	1.100	0.909	0.953	26.574	9825.402
782	536.311	0.871	1.034	0.967	0.969	26.131	9343.057
783	532.825	0.864	1.043	0.959	0.961	26.046	9252.103
784	575.677	0.893	1.067	0.937	0.973	27.074	10390.407
785	576.404	0.871	1.028	0.973	0.968	27.091	10410.077
786	540.088	0.873	1.082	0.924	0.968	26.223	9441.925
787	523.964	0.852	1.072	0.933	0.963	25.829	9022.267
788	899.323	0.851	1.010	0.990	0.968	33.839	20287.926
789	560.861	0.853	1.039	0.963	0.967	26.723	9991.856
790	520.623	0.861	1.011	0.989	0.963	25.746	8936.109
791	501.448	0.845	1.133	0.883	0.949	25.268	8447.003
792	544.882	0.853	1.103	0.906	0.965	26.339	9567.909
793	591.511	0.803	1.035	0.967	0.949	27.443	10822.014
794	604.294	0.859	1.016	0.984	0.966	27.738	11174.715
795	506.387	0.803	1.064	0.940	0.944	25.392	8572.106
796	531.663	0.852	1.067	0.937	0.966	26.018	9221.850
797	558.972	0.840	1.064	0.940	0.965	26.678	9941.434
798	668.210	0.854	1.029	0.972	0.958	29.168	12993.711
799	487.503	0.859	1.026	0.975	0.967	24.914	8097.098
800	537.183	0.850	1.075	0.930	0.966	26.153	9365.842
801	731.980	0.859	1.091	0.917	0.970	30.528	14897.486
802	585.410	0.812	1.052	0.951	0.944	27.301	10655.014
803	635.526	0.869	1.042	0.960	0.970	28.446	12052.122
804	601.825	0.845	1.017	0.983	0.963	27.682	11106.286
805	539.652	0.882	1.032	0.969	0.971	26.213	9430.499
806	578.728	0.848	1.033	0.968	0.963	27.145	10473.105
807	603.568	0.828	1.038	0.963	0.958	27.722	11154.574
808	568.995	0.866	1.064	0.940	0.967	26.916	10210.025
809	554.033	0.814	1.013	0.988	0.949	26.560	9809.965
810	564.347	0.869	1.004	0.996	0.964	26.806	10085.164
811	590.785	0.850	1.111	0.900	0.964	27.426	10802.088
812	541.105	0.823	1.066	0.938	0.957	26.248	9468.602
813	592.673	0.846	1.062	0.942	0.963	27.470	10853.922
814	563.040	0.866	1.035	0.966	0.965	26.775	10050.140
815	503.482	0.873	1.069	0.935	0.966	25.319	8498.441
816	567.252	0.886	1.021	0.979	0.970	26.875	10163.142
817	611.557	0.818	1.107	0.903	0.956	27.904	11376.786
818	604.149	0.856	1.021	0.979	0.963	27.735	11170.686
819	589.623	0.857	1.033	0.968	0.962	27.399	10770.231
820	538.781	0.851	1.090	0.918	0.957	26.192	9407.662
821	521.785	0.876	1.046	0.956	0.970	25.775	8966.045
822	805.048	0.862	1.028	0.973	0.968	32.016	17182.891
823	526.724	0.812	1.048	0.954	0.942	25.897	9093.648
824	523.673	0.845	1.035	0.966	0.950	25.822	9014.764
825	631.023	0.877	1.034	0.967	0.970	28.345	11924.253
826	571.174	0.841	1.018	0.983	0.963	26.967	10268.729
827	514.957	0.807	1.034	0.967	0.948	25.606	8790.646
828	523.964	0.879	1.015	0.985	0.969	25.829	9022.267
829	555.486	0.867	1.067	0.938	0.967	26.594	9848.572
830	532.970	0.855	1.054	0.949	0.965	26.050	9255.886
831	617.077	0.828	1.018	0.983	0.962	28.030	11531.166
832	525.271	0.851	1.036	0.965	0.964	25.861	9056.056
833	572.336	0.859	1.038	0.963	0.970	26.995	10300.084
834	544.010	0.850	1.065	0.939	0.963	26.318	9544.961
835	557.955	0.850	1.060	0.943	0.967	26.654	9914.319
836	526.724	0.831	1.045	0.957	0.969	25.897	9093.648
837	547.206	0.851	1.052	0.951	0.959	26.396	9629.193
838	560.570	0.885	1.074	0.931	0.973	26.716	9984.093
839	582.359	0.865	1.047	0.955	0.967	27.230	10571.839
840	614.463	0.865	1.119	0.894	0.969	27.971	11457.952
841	662.545	0.874	1.087	0.920	0.971	29.044	12828.815
842	553.307	0.865	1.044	0.958	0.965	26.542	9790.681
843	578.583	0.870	1.022	0.978	0.967	27.142	10469.162
844	747.669	0.869	1.067	0.937	0.965	30.854	15378.986
845	683.898	0.840	1.236	0.809	0.969	29.509	13453.991
846	584.538	0.833	1.089	0.918	0.959	27.281	10631.227
847	513.214	0.839	1.108	0.903	0.961	25.563	8746.049
848	557.374	0.856	1.030	0.971	0.958	26.640	9898.836
849	611.993	0.864	1.063	0.941	0.969	27.914	11388.949
850	512.488	0.847	1.040	0.961	0.956	25.544	8727.489
851	571.755	0.808	1.095	0.913	0.946	26.981	10284.403
852	582.359	0.826	1.034	0.967	0.954	27.230	10571.839
853	539.652	0.886	1.024	0.977	0.968	26.213	9430.499
854	616.787	0.871	1.053	0.949	0.968	28.024	11523.023
855	564.783	0.847	1.090	0.918	0.963	26.816	10096.848
856	582.941	0.842	1.009	0.991	0.961	27.244	10587.665
857	567.397	0.857	1.050	0.952	0.965	26.878	10167.046
858	553.888	0.837	1.100	0.909	0.954	26.556	9806.108
859	761.324	0.826	1.141	0.876	0.956	31.134	15802.205
860	582.359	0.861	1.081	0.925	0.965	27.230	10571.839
861	617.804	0.834	1.082	0.925	0.963	28.047	11551.530
862	545.898	0.885	1.046	0.956	0.970	26.364	9594.705
863	563.185	0.809	1.031	0.970	0.958	26.778	10054.029
864	716.437	0.838	1.061	0.943	0.969	30.203	14425.506
865	505.661	0.872	1.037	0.964	0.965	25.374	8553.670
866	571.174	0.863	1.035	0.966	0.961	26.967	10268.729
867	567.833	0.854	1.119	0.893	0.962	26.888	10178.762
868	562.313	0.876	1.044	0.958	0.969	26.757	10030.699
869	570.012	0.870	1.063	0.941	0.971	26.940	10237.406
870	550.692	0.876	1.046	0.956	0.966	26.479	9721.362
871	545.317	0.847	1.126	0.888	0.959	26.350	9579.390
872	609.524	0.865	1.033	0.968	0.962	27.858	11320.084
873	585.991	0.846	1.024	0.976	0.960	27.315	10670.881
874	604.730	0.880	1.055	0.948	0.972	27.748	11186.805
875	559.989	0.873	1.057	0.946	0.967	26.702	9968.574
876	526.578	0.871	1.071	0.933	0.968	25.893	9089.887
877	611.703	0.843	1.069	0.936	0.959	27.908	11380.840
878	519.751	0.888	1.151	0.869	0.969	25.725	8913.678
879	584.974	0.896	1.025	0.976	0.972	27.291	10643.118
880	568.124	0.819	1.090	0.917	0.953	26.895	10186.575
881	555.195	0.869	1.034	0.967	0.965	26.588	9840.847
882	557.665	0.834	1.070	0.935	0.957	26.647	9906.577
883	539.797	0.859	1.160	0.862	0.965	26.216	9434.307
884	569.286	0.850	1.119	0.893	0.965	26.923	10217.846
885	571.029	0.843	1.151	0.869	0.963	26.964	10264.812
886	537.764	0.839	1.044	0.958	0.958	26.167	9381.042
887	580.471	0.857	1.085	0.922	0.967	27.186	10520.458
888	560.425	0.847	1.059	0.944	0.961	26.712	9980.212
889	639.157	0.827	1.043	0.959	0.957	28.527	12155.574
890	553.888	0.843	1.081	0.925	0.962	26.556	9806.108
891	583.522	0.885	1.037	0.964	0.968	27.257	10603.499
892	538.490	0.879	1.013	0.987	0.970	26.184	9400.053
893	573.208	0.827	1.052	0.951	0.949	27.015	10323.621
894	545.463	0.831	1.024	0.976	0.956	26.353	9583.218
895	513.795	0.862	1.072	0.933	0.965	25.577	8760.906
896	567.107	0.873	1.080	0.926	0.969	26.871	10159.239
897	591.366	0.826	1.060	0.943	0.961	27.440	10818.028
898	573.498	0.856	1.024	0.976	0.962	27.022	10331.471
899	534.568	0.865	1.040	0.961	0.967	26.089	9297.543
900	561.877	0.870	1.043	0.959	0.965	26.747	10019.041
901	680.122	0.874	1.042	0.960	0.973	29.427	13342.695
902	585.701	0.831	1.059	0.944	0.960	27.308	10662.947
903	551.564	0.817	1.087	0.920	0.958	26.500	9744.450
904	659.058	0.843	1.105	0.905	0.963	28.968	12727.691
905	583.086	0.803	1.077	0.928	0.951	27.247	10591.623
906	575.677	0.852	1.065	0.939	0.963	27.074	10390.407
907	498.979	0.802	1.071	0.934	0.950	25.206	8384.681
908	549.821	0.823	1.032	0.969	0.957	26.459	9698.292
909	567.978	0.842	1.063	0.941	0.966	26.892	10182.668
910	597.322	0.851	1.039	0.962	0.960	27.578	10981.865
911	612.138	0.821	1.090	0.917	0.957	27.918	11393.004
912	501.884	0.863	1.045	0.957	0.962	25.279	8458.016
913	525.852	0.861	1.038	0.964	0.961	25.875	9071.086
914	542.412	0.862	1.067	0.937	0.967	26.280	9502.938
915	556.067	0.820	1.098	0.910	0.953	26.608	9864.029
916	601.389	0.863	1.038	0.963	0.966	27.672	11094.225
917	584.538	0.836	1.090	0.918	0.959	27.281	10631.227
918	521.640	0.854	1.062	0.941	0.960	25.772	8962.302
919	616.932	0.828	1.035	0.966	0.958	28.027	11527.094
920	531.517	0.815	1.105	0.905	0.952	26.014	9218.071
921	541.541	0.836	1.061	0.943	0.960	26.259	9480.043
922	554.324	0.858	1.019	0.981	0.963	26.567	9817.683
923	603.713	0.852	1.087	0.920	0.966	27.725	11158.601
924	556.793	0.830	1.078	0.928	0.959	26.626	9883.361
925	577.566	0.881	1.028	0.973	0.970	27.118	10441.575
926	560.715	0.839	1.019	0.982	0.957	26.719	9987.974
927	585.265	0.862	1.040	0.962	0.961	27.298	10651.048
928	620.709	0.873	1.097	0.911	0.968	28.112	11633.109
929	633.202	0.837	1.083	0.924	0.953	28.394	11986.068
930	540.378	0.844	1.033	0.968	0.962	26.230	9449.544
931	573.498	0.842	1.068	0.936	0.966	27.022	10331.471
932	510.600	0.832	1.077	0.929	0.959	25.497	8679.295
933	603.858	0.862	1.033	0.968	0.968	27.728	11162.629
934	567.252	0.820	1.030	0.971	0.951	26.875	10163.142
935	516.991	0.828	1.064	0.940	0.959	25.656	8842.772
936	584.393	0.884	1.051	0.952	0.973	27.278	10627.265
937	469.926	0.871	1.026	0.975	0.962	24.461	7663.160
938	650.924	0.818	1.164	0.859	0.956	28.789	12492.773
939	514.957	0.862	1.022	0.978	0.963	25.606	8790.646
940	567.688	0.824	1.024	0.976	0.953	26.885	10174.856
941	559.408	0.861	1.060	0.943	0.962	26.688	9953.062
942	645.985	0.853	1.196	0.836	0.965	28.679	12350.858
943	514.957	0.855	1.034	0.967	0.968	25.606	8790.646
944	634.509	0.857	1.060	0.943	0.971	28.423	12023.209
945	660.656	0.870	1.072	0.933	0.971	29.003	12774.006
946	601.098	0.802	1.023	0.977	0.943	27.665	11086.186
947	540.524	0.877	1.030	0.971	0.967	26.234	9453.355
948	541.395	0.854	1.033	0.968	0.964	26.255	9476.229
949	553.016	0.870	1.030	0.971	0.967	26.535	9782.971
950	551.128	0.847	1.057	0.946	0.958	26.490	9732.904
951	589.042	0.857	1.062	0.941	0.960	27.386	10754.315
952	509.873	0.868	1.060	0.944	0.966	25.479	8660.782
953	486.631	0.872	1.068	0.936	0.963	24.892	8075.393
954	526.578	0.831	1.020	0.981	0.958	25.893	9089.887
955	596.595	0.803	1.068	0.936	0.951	27.561	10961.841
956	537.328	0.830	1.042	0.959	0.956	26.156	9369.641
957	680.703	0.829	1.018	0.982	0.954	29.440	13359.797
958	564.637	0.874	1.013	0.987	0.968	26.813	10092.953
959	582.359	0.872	1.030	0.971	0.967	27.230	10571.839
960	556.212	0.871	1.036	0.965	0.967	26.612	9867.894
961	571.755	0.850	1.050	0.952	0.962	26.981	10284.403
962	499.705	0.848	1.090	0.917	0.971	25.224	8402.995
963	608.071	0.860	1.019	0.981	0.967	27.825	11279.641
964	532.389	0.871	1.046	0.956	0.967	26.036	9240.754
965	563.911	0.855	1.013	0.987	0.969	26.795	10073.485
966	565.654	0.862	1.034	0.967	0.961	26.837	10120.230
967	401.652	0.870	1.048	0.954	0.965	22.614	6055.349
968	689.854	0.826	1.278	0.783	0.969	29.637	13630.121
969	563.330	0.864	1.025	0.975	0.967	26.782	10057.919
970	585.410	0.833	1.108	0.903	0.951	27.301	10655.014
971	549.675	0.814	1.001	0.999	0.947	26.455	9694.449
972	535.440	0.851	1.066	0.938	0.960	26.110	9320.290
973	572.917	0.863	1.077	0.929	0.968	27.009	10315.774
974	570.738	0.877	1.021	0.979	0.971	26.957	10256.980
975	557.229	0.875	1.023	0.977	0.964	26.636	9894.967
976	581.343	0.875	1.021	0.979	0.973	27.206	10544.162
977	499.269	0.870	1.075	0.930	0.965	25.213	8392.005
978	528.903	0.835	1.063	0.940	0.957	25.950	9150.134
979	506.242	0.867	1.064	0.940	0.962	25.388	8568.417
980	598.629	0.876	1.070	0.934	0.966	27.608	11017.939
981	576.113	0.835	1.076	0.930	0.961	27.084	10402.207
982	564.056	0.873	1.088	0.919	0.965	26.799	10077.378
983	546.915	0.888	1.024	0.976	0.970	26.389	9621.525
984	535.730	0.894	1.062	0.942	0.970	26.117	9327.877
985	548.077	0.869	1.012	0.989	0.967	26.417	9652.208
986	578.437	0.885	1.037	0.965	0.969	27.138	10465.219
987	532.244	0.881	1.009	0.991	0.968	26.032	9236.972
988	550.837	0.888	1.061	0.942	0.970	26.483	9725.209
989	569.431	0.887	1.033	0.968	0.972	26.926	10221.757
990	631.313	0.845	1.080	0.926	0.963	28.352	11932.489
991	545.172	0.844	1.045	0.957	0.960	26.346	9575.562
992	542.848	0.868	1.040	0.961	0.968	26.290	9514.393
993	591.656	0.848	1.051	0.951	0.963	27.447	10826.001
994	574.370	0.853	1.019	0.982	0.964	27.043	10355.032
995	562.894	0.816	1.019	0.981	0.949	26.771	10046.251
996	578.873	0.858	1.013	0.987	0.961	27.149	10477.048
997	590.204	0.873	1.046	0.956	0.967	27.413	10786.156
998	570.884	0.854	1.099	0.910	0.964	26.961	10260.896
999	513.941	0.861	1.032	0.969	0.961	25.581	8764.622
1000	601.389	0.830	1.061	0.943	0.959	27.672	11094.225
1001	676.926	0.837	1.090	0.917	0.965	29.358	13248.763
1002	586.863	0.868	1.033	0.968	0.971	27.335	10694.697
1003	543.574	0.828	1.030	0.971	0.953	26.308	9533.494
1004	513.069	0.874	1.036	0.965	0.968	25.559	8742.336
1005	509.437	0.836	1.006	0.994	0.957	25.468	8649.681
1006	575.242	0.862	1.031	0.970	0.970	27.063	10378.611
1007	547.496	0.831	1.026	0.975	0.951	26.403	9636.862
1008	521.930	0.872	1.065	0.939	0.971	25.779	8969.790
1009	513.941	0.803	1.076	0.929	0.946	25.581	8764.622
1010	584.393	0.862	1.009	0.991	0.967	27.278	10627.265
1011	587.734	0.879	1.027	0.973	0.969	27.356	10718.531
1012	554.905	0.853	1.078	0.927	0.961	26.581	9833.123
1013	543.284	0.882	1.067	0.937	0.969	26.301	9525.852
1014	552.290	0.824	1.087	0.920	0.950	26.518	9763.704
1015	577.711	0.844	1.018	0.982	0.957	27.121	10445.514
1016	515.248	0.844	1.054	0.949	0.957	25.613	8798.087
1017	577.566	0.805	1.016	0.985	0.953	27.118	10441.575
1018	469.200	0.854	1.043	0.959	0.963	24.442	7645.400
1019	588.025	0.826	1.087	0.920	0.954	27.362	10726.479
1020	538.345	0.862	1.043	0.959	0.962	26.181	9396.250
1021	586.717	0.864	1.010	0.990	0.968	27.332	10690.727
1022	607.199	0.861	1.034	0.967	0.967	27.805	11255.398
1023	587.444	0.859	1.051	0.951	0.966	27.349	10710.584
1024	573.208	0.865	1.017	0.984	0.963	27.015	10323.621
1025	558.101	0.870	1.019	0.982	0.968	26.657	9918.191
1026	585.410	0.874	1.002	0.998	0.966	27.301	10655.014
1027	601.098	0.818	1.024	0.977	0.959	27.665	11086.186
1028	575.968	0.846	1.045	0.957	0.963	27.080	10398.273
1029	589.187	0.859	1.081	0.925	0.967	27.389	10758.293
1030	547.787	0.888	1.042	0.960	0.969	26.410	9644.534
1031	588.315	0.864	1.100	0.909	0.970	27.369	10734.430
1032	621.145	0.865	1.037	0.964	0.964	28.122	11645.362
1033	571.174	0.877	1.025	0.975	0.965	26.967	10268.729
1034	1000.136	0.826	1.012	0.988	0.955	35.685	23793.173
1035	577.711	0.862	1.088	0.919	0.971	27.121	10445.514
1036	601.970	0.860	1.037	0.965	0.965	27.685	11110.307
1037	529.629	0.849	1.024	0.977	0.962	25.968	9168.989
1038	555.631	0.860	1.012	0.988	0.964	26.598	9852.436
1039	538.926	0.847	1.109	0.902	0.966	26.195	9411.467
1040	554.178	0.874	1.030	0.971	0.968	26.563	9813.824
1041	553.888	0.866	1.005	0.995	0.972	26.556	9806.108
1042	533.406	0.878	1.009	0.991	0.970	26.061	9267.241
1043	548.658	0.871	1.102	0.908	0.968	26.431	9667.561
1044	529.484	0.858	1.037	0.964	0.964	25.965	9165.217
1045	505.951	0.855	1.037	0.964	0.964	25.381	8561.043
1046	512.778	0.836	1.006	0.994	0.956	25.552	8734.911
1047	513.360	0.865	1.056	0.947	0.969	25.566	8749.762
1048	601.534	0.871	1.004	0.996	0.968	27.675	11098.245
1049	574.079	0.817	1.062	0.941	0.954	27.036	10347.176
1050	537.764	0.893	1.052	0.951	0.973	26.167	9381.042
1051	594.416	0.864	1.078	0.928	0.965	27.511	10901.842
1052	546.480	0.819	1.026	0.975	0.957	26.378	9610.028
1053	560.570	0.860	1.124	0.890	0.964	26.716	9984.093
1054	601.825	0.857	1.051	0.952	0.967	27.682	11106.286
1055	554.324	0.879	1.086	0.921	0.965	26.567	9817.683
1056	526.578	0.847	1.068	0.936	0.958	25.893	9089.887
1057	539.652	0.801	1.053	0.950	0.950	26.213	9430.499
1058	533.696	0.877	1.073	0.932	0.963	26.068	9274.813
1059	579.454	0.857	1.147	0.872	0.968	27.162	10492.827
1060	651.795	0.812	1.107	0.904	0.954	28.808	12517.873
1061	453.947	0.883	1.008	0.992	0.966	24.041	7275.645
1062	518.008	0.856	1.049	0.953	0.960	25.682	8868.873
1063	589.623	0.888	1.069	0.935	0.969	27.399	10770.231
1064	567.543	0.826	1.026	0.975	0.955	26.882	10170.951
1065	579.309	0.816	1.102	0.908	0.953	27.159	10488.881
1066	637.559	0.868	1.015	0.985	0.970	28.492	12110.019
1067	578.583	0.863	1.031	0.970	0.967	27.142	10469.162
1068	597.031	0.851	1.043	0.958	0.964	27.571	10973.854
1069	540.814	0.803	1.053	0.950	0.947	26.241	9460.977
1070	595.869	0.816	1.027	0.973	0.954	27.544	10941.829
1071	531.953	0.856	1.081	0.925	0.963	26.025	9229.410
1072	578.728	0.875	1.103	0.906	0.972	27.145	10473.105
1073	558.536	0.874	1.018	0.982	0.963	26.667	9929.811
1074	545.608	0.860	1.104	0.906	0.967	26.357	9587.046
1075	571.901	0.852	1.044	0.958	0.965	26.985	10288.322
1076	516.555	0.852	1.013	0.987	0.963	25.646	8831.594
1077	536.166	0.842	1.099	0.910	0.962	26.128	9339.261
1078	580.762	0.859	1.020	0.980	0.962	27.193	10528.358
1079	545.753	0.849	1.045	0.957	0.961	26.360	9590.875
1080	594.416	0.857	1.054	0.948	0.966	27.511	10901.842
1081	584.248	0.871	1.028	0.973	0.967	27.274	10623.302
1082	588.606	0.864	1.075	0.930	0.963	27.376	10742.382
1083	606.909	0.842	1.017	0.983	0.963	27.798	11247.321
1084	524.545	0.877	1.057	0.946	0.970	25.843	9037.279
1085	568.705	0.837	1.021	0.979	0.963	26.909	10202.206
1086	495.202	0.896	1.077	0.928	0.971	25.110	8289.664
1087	581.197	0.874	1.020	0.981	0.965	27.203	10540.210
1088	572.917	0.878	1.061	0.942	0.966	27.009	10315.774
1089	555.341	0.836	1.044	0.958	0.957	26.591	9844.709
1090	563.185	0.859	1.050	0.953	0.967	26.778	10054.029
1091	579.309	0.849	1.057	0.946	0.959	27.159	10488.881
1092	586.427	0.803	1.012	0.988	0.951	27.325	10682.787
1093	584.829	0.836	1.061	0.942	0.958	27.288	10639.154
1094	511.762	0.848	1.017	0.983	0.962	25.526	8708.942
1095	599.355	0.864	1.018	0.983	0.962	27.625	11037.997
1096	614.027	0.833	1.085	0.922	0.959	27.961	11445.765
1097	568.269	0.848	1.113	0.899	0.961	26.899	10190.482
1098	576.694	0.847	1.068	0.936	0.959	27.097	10417.948
1099	535.149	0.867	1.017	0.983	0.967	26.103	9312.706
1100	587.879	0.878	1.039	0.963	0.969	27.359	10722.505
1101	539.797	0.832	1.051	0.952	0.958	26.216	9434.307
1102	593.835	0.840	1.051	0.951	0.950	27.497	10885.861
1103	542.703	0.865	1.107	0.903	0.963	26.287	9510.574
1104	609.233	0.811	1.023	0.977	0.955	27.851	11311.992
1105	501.593	0.817	1.082	0.924	0.943	25.271	8450.673
1106	548.804	0.874	1.047	0.955	0.963	26.434	9671.401
1107	522.947	0.867	1.131	0.884	0.964	25.804	8996.016
1108	620.709	0.836	1.049	0.953	0.962	28.112	11633.109
1109	625.938	0.853	1.041	0.961	0.966	28.231	11780.431
1110	497.816	0.842	1.042	0.959	0.959	25.176	8355.407
1111	551.854	0.872	1.058	0.945	0.970	26.507	9752.150
1112	559.698	0.857	1.025	0.976	0.970	26.695	9960.817
1113	551.854	0.865	1.069	0.935	0.964	26.507	9752.150
1114	669.808	0.845	1.074	0.931	0.964	29.203	13040.346
1115	552.871	0.874	1.098	0.911	0.966	26.532	9779.117
1116	645.113	0.831	1.047	0.955	0.957	28.660	12325.871
1117	838.458	0.824	1.135	0.881	0.960	32.674	18263.581
1118	598.919	0.836	1.067	0.938	0.961	27.615	11025.961
1119	537.764	0.851	1.127	0.888	0.962	26.167	9381.042
1120	575.677	0.817	1.077	0.928	0.962	27.074	10390.407
1121	525.562	0.852	1.074	0.931	0.964	25.868	9063.570
1122	628.553	0.859	1.013	0.987	0.968	28.290	11854.324
1123	508.566	0.855	1.091	0.917	0.967	25.447	8627.493
1124	500.431	0.813	1.022	0.979	0.951	25.242	8421.322
1125	579.890	0.851	1.058	0.945	0.967	27.172	10504.666
1126	553.888	0.835	1.083	0.924	0.961	26.556	9806.108
1127	534.132	0.850	1.054	0.949	0.959	26.078	9286.176
1128	987.062	0.865	1.112	0.899	0.970	35.451	23328.168
1129	569.431	0.812	1.031	0.970	0.953	26.926	10221.757
1130	589.332	0.816	1.098	0.911	0.959	27.393	10762.272
1131	518.734	0.843	1.079	0.926	0.958	25.700	8887.533
1132	594.707	0.872	1.074	0.931	0.964	27.517	10909.836
1133	605.602	0.889	1.057	0.946	0.973	27.768	11210.998
1134	488.955	0.847	1.101	0.908	0.958	24.951	8133.315
1135	614.753	0.811	1.057	0.946	0.952	27.977	11466.079
1136	535.730	0.858	1.057	0.946	0.966	26.117	9327.877
1137	634.073	0.829	1.126	0.888	0.959	28.413	12010.824
1138	572.482	0.837	1.044	0.957	0.964	26.998	10304.006
1139	913.269	0.847	1.109	0.901	0.968	34.100	20761.639
1140	562.749	0.852	1.054	0.949	0.962	26.768	10042.362
1141	670.098	0.804	1.065	0.939	0.949	29.210	13048.832
1142	578.292	0.874	1.041	0.961	0.965	27.135	10461.277
1143	622.743	0.861	1.058	0.945	0.971	28.158	11690.327
1144	622.888	0.821	1.019	0.982	0.958	28.162	11694.418
1145	504.934	0.868	1.021	0.979	0.964	25.356	8535.247
1146	539.216	0.878	1.073	0.932	0.967	26.202	9419.078
1147	717.745	0.864	1.094	0.914	0.966	30.230	14465.010
1148	532.244	0.867	1.027	0.974	0.966	26.032	9236.972
1149	608.652	0.868	1.141	0.877	0.963	27.838	11295.813
1150	602.551	0.862	1.010	0.991	0.964	27.698	11126.397
1151	555.050	0.859	1.079	0.927	0.969	26.584	9836.985
1152	538.345	0.867	1.101	0.909	0.964	26.181	9396.250
1153	499.705	0.855	1.087	0.920	0.968	25.224	8402.995
1154	539.507	0.830	1.018	0.982	0.957	26.209	9426.692
1155	530.936	0.853	1.053	0.950	0.961	26.000	9202.960
1156	589.768	0.817	1.015	0.985	0.949	27.403	10774.211
1157	570.448	0.884	1.053	0.949	0.968	26.950	10249.149
1158	526.578	0.859	1.048	0.954	0.964	25.893	9089.887
1159	568.414	0.877	1.065	0.939	0.966	26.902	10194.389
1160	592.818	0.831	1.039	0.963	0.962	27.474	10857.913
1161	552.726	0.898	1.056	0.947	0.970	26.528	9775.263
1162	601.825	0.867	1.043	0.959	0.967	27.682	11106.286
1163	606.909	0.859	1.044	0.957	0.965	27.798	11247.321
1164	597.322	0.817	1.064	0.940	0.949	27.578	10981.865
1165	568.850	0.852	1.085	0.922	0.967	26.912	10206.115
1166	487.212	0.871	1.013	0.987	0.962	24.907	8089.861
1167	528.612	0.846	1.075	0.930	0.961	25.943	9142.596
1168	564.056	0.870	1.100	0.909	0.967	26.799	10077.378
1169	531.517	0.867	1.018	0.982	0.960	26.014	9218.071
1170	559.698	0.876	1.027	0.974	0.967	26.695	9960.817
1171	602.551	0.845	1.029	0.971	0.956	27.698	11126.397
1172	566.526	0.865	1.040	0.961	0.965	26.857	10143.629
1173	576.839	0.870	1.046	0.956	0.966	27.101	10421.885
1174	558.101	0.864	1.083	0.923	0.968	26.657	9918.191
1175	546.625	0.856	1.039	0.962	0.963	26.382	9613.860
1176	576.839	0.821	1.049	0.953	0.963	27.101	10421.885
1177	563.040	0.808	1.036	0.965	0.953	26.775	10050.140
1178	545.317	0.861	1.004	0.996	0.962	26.350	9579.390
1179	569.576	0.868	1.033	0.968	0.966	26.930	10225.668
1180	589.768	0.852	1.023	0.978	0.967	27.403	10774.211
1181	591.656	0.826	1.031	0.970	0.960	27.447	10826.001
1182	522.366	0.853	1.050	0.953	0.960	25.789	8981.026
1183	569.867	0.858	1.073	0.932	0.964	26.937	10233.493
1184	533.406	0.812	1.076	0.929	0.956	26.061	9267.241
1185	533.987	0.865	1.031	0.970	0.969	26.075	9282.388
1186	585.846	0.861	1.065	0.939	0.966	27.312	10666.914
1187	538.490	0.858	1.101	0.909	0.966	26.184	9400.053
1188	540.669	0.870	1.050	0.952	0.967	26.237	9457.166
1189	549.530	0.882	1.011	0.989	0.967	26.452	9690.606
1190	618.385	0.869	1.067	0.937	0.964	28.060	11567.831
1191	586.282	0.817	1.070	0.935	0.958	27.322	10678.818
1192	603.423	0.807	1.060	0.943	0.948	27.718	11150.547
1193	630.442	0.845	1.023	0.978	0.967	28.332	11907.787
1194	539.652	0.858	1.021	0.980	0.958	26.213	9430.499
1195	598.048	0.850	1.067	0.937	0.968	27.595	11001.901
1196	545.463	0.875	1.043	0.958	0.965	26.353	9583.218
1197	599.646	0.867	1.078	0.927	0.969	27.631	11046.024
1198	524.400	0.814	1.170	0.855	0.953	25.840	9033.525
1199	577.275	0.822	1.076	0.929	0.952	27.111	10433.697
1200	567.978	0.867	1.065	0.939	0.966	26.892	10182.668
1201	701.620	0.859	1.064	0.940	0.966	29.889	13980.321
1202	587.589	0.842	1.031	0.970	0.962	27.352	10714.557
1203	541.541	0.802	1.034	0.968	0.950	26.259	9480.043
1204	534.568	0.844	1.087	0.920	0.962	26.089	9297.543
1205	624.050	0.848	1.058	0.946	0.963	28.188	11727.160
1206	511.181	0.839	1.046	0.956	0.963	25.512	8694.114
1207	556.212	0.849	1.022	0.978	0.962	26.612	9867.894
1208	559.117	0.827	1.065	0.939	0.957	26.681	9945.310
1209	619.692	0.854	1.006	0.994	0.965	28.089	11604.534
1210	534.423	0.854	1.079	0.926	0.962	26.085	9293.753
1211	593.109	0.853	1.006	0.994	0.963	27.480	10865.895
1212	546.770	0.836	1.014	0.986	0.961	26.385	9617.692
1213	632.475	0.828	1.053	0.950	0.959	28.378	11965.451
1214	582.359	0.870	1.030	0.971	0.967	27.230	10571.839
1215	551.273	0.843	1.019	0.981	0.959	26.493	9736.752
1216	618.094	0.848	1.033	0.968	0.965	28.053	11559.679
1217	554.760	0.905	1.046	0.956	0.976	26.577	9829.262
1218	555.341	0.848	1.027	0.974	0.960	26.591	9844.709
1219	568.124	0.857	1.023	0.977	0.961	26.895	10186.575
1220	618.385	0.893	1.036	0.966	0.972	28.060	11567.831
1221	569.722	0.875	1.087	0.920	0.964	26.933	10229.581
1222	490.844	0.874	1.033	0.968	0.960	24.999	8180.479
1223	585.410	0.842	1.086	0.921	0.961	27.301	10655.014
1224	553.162	0.860	1.003	0.997	0.970	26.539	9786.826
1225	555.341	0.825	1.059	0.944	0.955	26.591	9844.709
1226	577.421	0.866	1.042	0.960	0.966	27.114	10437.636
1227	628.117	0.860	1.026	0.975	0.968	28.280	11841.998
1228	542.122	0.864	1.026	0.975	0.961	26.273	9495.305
1229	495.492	0.811	1.075	0.930	0.945	25.117	8296.961
1230	591.366	0.857	1.068	0.937	0.964	27.440	10818.028
1231	565.509	0.844	1.047	0.955	0.960	26.833	10116.331
1232	568.559	0.881	1.137	0.880	0.972	26.906	10198.298
1233	557.955	0.859	1.049	0.954	0.962	26.654	9914.319
1234	611.703	0.810	1.062	0.942	0.951	27.908	11380.840
1235	455.835	0.890	1.035	0.967	0.968	24.091	7321.092
1236	555.922	0.865	1.118	0.894	0.968	26.605	9860.164
1237	566.381	0.832	1.051	0.952	0.959	26.854	10139.728
1238	530.065	0.900	1.049	0.953	0.973	25.979	9180.308
1239	569.431	0.860	1.017	0.983	0.969	26.926	10221.757
1240	639.738	0.889	1.109	0.901	0.973	28.540	12172.153
1241	522.221	0.869	1.043	0.959	0.965	25.786	8977.280
1242	582.359	0.863	1.042	0.960	0.966	27.230	10571.839
1243	607.054	0.851	1.028	0.973	0.965	27.802	11251.360
1244	546.625	0.852	1.087	0.920	0.964	26.382	9613.860
1245	628.263	0.831	1.066	0.938	0.959	28.283	11846.106
1246	495.347	0.862	1.032	0.969	0.959	25.114	8293.312
1247	597.031	0.868	1.027	0.974	0.968	27.571	10973.854
1248	586.136	0.849	1.073	0.932	0.965	27.318	10674.849
1249	522.947	0.807	1.056	0.947	0.953	25.804	8996.016
1250	608.362	0.826	1.038	0.963	0.954	27.831	11287.726
1251	486.776	0.847	1.008	0.992	0.962	24.895	8079.009
1252	630.442	0.859	1.052	0.950	0.961	28.332	11907.787
1253	549.675	0.873	1.074	0.931	0.968	26.455	9694.449
1254	568.705	0.820	1.030	0.971	0.960	26.909	10202.206
1255	513.505	0.861	1.095	0.913	0.969	25.570	8753.477
1256	567.833	0.848	1.060	0.943	0.965	26.888	10178.762
1257	600.517	0.863	1.034	0.967	0.968	27.651	11070.116
1258	553.162	0.814	1.034	0.967	0.944	26.539	9786.826
1259	567.543	0.858	1.059	0.944	0.970	26.882	10170.951
1260	586.282	0.876	1.124	0.890	0.970	27.322	10678.818
1261	501.739	0.866	1.022	0.978	0.961	25.275	8454.345
1262	566.381	0.830	1.108	0.902	0.962	26.854	10139.728
1263	533.696	0.874	1.037	0.964	0.965	26.068	9274.813
1264	514.376	0.875	1.066	0.939	0.967	25.591	8775.772
1265	610.250	0.845	1.038	0.963	0.963	27.875	11340.324
1266	683.317	0.881	1.063	0.941	0.968	29.496	13436.848
1267	614.898	0.857	1.039	0.963	0.959	27.981	11470.143
1268	536.747	0.837	1.103	0.907	0.960	26.142	9354.447
1269	546.770	0.846	1.047	0.955	0.958	26.385	9617.692
1270	656.298	0.862	1.031	0.970	0.970	28.907	12647.823
1271	512.197	0.846	1.011	0.989	0.962	25.537	8720.069
1272	807.517	0.832	1.126	0.888	0.955	32.065	17262.014
1273	554.469	0.831	1.066	0.938	0.954	26.570	9821.542
1274	570.448	0.870	1.055	0.948	0.963	26.950	10249.149
1275	562.749	0.871	1.025	0.975	0.970	26.768	10042.362
1276	591.947	0.868	1.022	0.979	0.962	27.453	10833.976
1277	589.913	0.851	1.169	0.855	0.961	27.406	10778.192
1278	555.195	0.859	1.106	0.904	0.966	26.588	9840.847
1279	731.109	0.823	1.194	0.838	0.962	30.510	14870.886
1280	624.195	0.873	1.057	0.946	0.970	28.191	11731.255
1281	579.599	0.842	1.003	0.997	0.955	27.166	10496.773
1282	540.378	0.856	1.042	0.959	0.968	26.230	9449.544
1283	580.326	0.879	1.017	0.984	0.971	27.183	10516.510
1284	739.534	0.802	1.082	0.924	0.958	30.686	15128.682
1285	541.976	0.877	1.036	0.965	0.966	26.269	9491.488
1286	574.806	0.854	1.021	0.979	0.965	27.053	10366.819
1287	560.425	0.801	1.010	0.990	0.947	26.712	9980.212
1288	573.644	0.859	1.047	0.955	0.963	27.026	10335.397
1289	513.795	0.870	1.033	0.968	0.968	25.577	8760.906
1290	538.926	0.843	1.056	0.947	0.965	26.195	9411.467
1291	537.618	0.867	1.038	0.964	0.970	26.163	9377.241
1292	553.597	0.883	1.048	0.954	0.969	26.549	9798.393
