 	Area	Circ.	AR	Round	Solidity	Diameter	Volume
1	556.212	0.820	1.046	0.956	0.951	26.612	9867.894
2	594.271	0.815	1.070	0.934	0.951	27.507	10897.846
3	593.690	0.846	1.057	0.946	0.959	27.494	10881.867
4	571.755	0.814	1.052	0.950	0.950	26.981	10284.403
5	574.515	0.808	1.038	0.963	0.946	27.046	10358.961
6	636.978	0.827	1.115	0.897	0.958	28.479	12093.468
7	496.073	0.837	1.068	0.936	0.951	25.132	8311.559
8	508.856	0.836	1.040	0.962	0.952	25.454	8634.887
9	536.747	0.809	1.052	0.950	0.945	26.142	9354.447
10	567.397	0.820	1.174	0.852	0.951	26.878	10167.046
11	512.488	0.809	1.089	0.919	0.957	25.544	8727.489
12	581.197	0.804	1.054	0.949	0.946	27.203	10540.210
13	588.606	0.816	1.014	0.986	0.952	27.376	10742.382
14	521.204	0.807	1.019	0.981	0.950	25.761	8951.073
15	522.947	0.848	1.199	0.834	0.964	25.804	8996.016
16	535.730	0.813	1.172	0.853	0.951	26.117	9327.877
17	533.987	0.826	1.033	0.968	0.955	26.075	9282.388
18	586.427	0.806	1.022	0.978	0.948	27.325	10682.787
19	554.324	0.814	1.028	0.973	0.952	26.567	9817.683
20	566.962	0.822	1.057	0.946	0.958	26.868	10155.335
21	559.408	0.842	1.059	0.944	0.951	26.688	9953.062
22	585.991	0.861	1.023	0.977	0.959	27.315	10670.881
23	619.547	0.802	1.041	0.961	0.943	28.086	11600.454
24	520.332	0.815	1.035	0.966	0.950	25.739	8928.630
25	492.006	0.833	1.107	0.903	0.950	25.029	8209.548
26	532.534	0.809	1.041	0.961	0.944	26.039	9244.536
27	592.383	0.821	1.033	0.968	0.951	27.464	10845.942
28	559.117	0.820	1.042	0.960	0.953	26.681	9945.310
29	556.938	0.803	1.024	0.976	0.956	26.629	9887.229
30	457.143	0.838	1.034	0.967	0.955	24.126	7352.610
31	544.446	0.821	1.059	0.944	0.950	26.329	9556.433
32	534.423	0.804	1.033	0.968	0.951	26.085	9293.753
33	421.118	0.805	1.050	0.952	0.947	23.156	6500.829
34	541.686	0.825	1.036	0.965	0.944	26.262	9483.858
35	542.267	0.801	1.018	0.982	0.946	26.276	9499.121
36	498.543	0.803	1.096	0.912	0.950	25.195	8373.699
37	608.071	0.818	1.062	0.942	0.950	27.825	11279.641
38	494.475	0.840	1.061	0.943	0.954	25.092	8271.433
39	608.797	0.819	1.135	0.881	0.957	27.841	11299.857
40	530.791	0.818	1.026	0.975	0.946	25.997	9199.183
41	601.098	0.829	1.040	0.962	0.955	27.665	11086.186
42	577.566	0.816	1.052	0.950	0.956	27.118	10441.575
43	625.938	0.843	1.015	0.985	0.959	28.231	11780.431
44	610.976	0.818	1.064	0.940	0.953	27.891	11360.576
45	573.208	0.801	1.032	0.969	0.948	27.015	10323.621
46	636.543	0.804	1.073	0.932	0.951	28.469	12081.059
47	593.109	0.854	1.037	0.964	0.957	27.480	10865.895
48	575.968	0.801	1.065	0.939	0.951	27.080	10398.273
49	770.185	0.828	1.049	0.954	0.959	31.315	16078.889
50	606.764	0.805	1.059	0.945	0.948	27.795	11243.283
51	493.168	0.818	1.031	0.970	0.950	25.058	8238.651
52	563.185	0.815	1.027	0.974	0.941	26.778	10054.029
53	538.926	0.840	1.108	0.903	0.960	26.195	9411.467
54	505.515	0.800	1.089	0.918	0.944	25.370	8549.984
55	599.355	0.842	1.026	0.975	0.959	27.625	11037.997
56	586.572	0.840	1.026	0.975	0.955	27.328	10686.757
57	580.616	0.838	1.017	0.983	0.959	27.189	10524.408
58	620.564	0.804	1.007	0.993	0.948	28.109	11629.025
59	585.119	0.808	1.046	0.956	0.943	27.295	10647.083
60	555.341	0.808	1.068	0.936	0.945	26.591	9844.709
61	546.044	0.814	1.061	0.942	0.952	26.367	9598.535
62	564.928	0.820	1.053	0.949	0.947	26.820	10100.744
63	540.960	0.808	1.047	0.955	0.950	26.244	9464.789
64	583.231	0.814	1.111	0.900	0.950	27.251	10595.581
65	558.536	0.838	1.025	0.976	0.948	26.667	9929.811
66	552.871	0.839	1.101	0.908	0.951	26.532	9779.117
67	558.391	0.868	1.009	0.991	0.963	26.664	9925.937
68	480.675	0.822	1.183	0.845	0.953	24.739	7927.598
69	626.374	0.838	1.052	0.950	0.955	28.240	11792.736
70	572.627	0.843	1.024	0.976	0.961	27.002	10307.928
71	651.359	0.818	1.041	0.961	0.956	28.798	12505.321
72	548.949	0.809	1.014	0.986	0.946	26.438	9675.241
73	624.341	0.806	1.068	0.936	0.957	28.195	11735.350
74	667.338	0.843	1.032	0.969	0.957	29.149	12968.297
75	587.879	0.849	1.011	0.989	0.959	27.359	10722.505
76	577.711	0.842	1.096	0.912	0.960	27.121	10445.514
77	530.210	0.809	1.070	0.934	0.950	25.982	9184.082
78	589.913	0.851	1.051	0.952	0.961	27.406	10778.192
79	591.947	0.805	1.029	0.972	0.943	27.453	10833.976
80	588.170	0.819	1.025	0.975	0.948	27.366	10730.454
81	550.256	0.848	1.019	0.982	0.958	26.469	9709.825
82	592.092	0.860	1.025	0.976	0.963	27.457	10837.964
83	532.534	0.809	1.047	0.955	0.949	26.039	9244.536
84	513.795	0.839	1.054	0.949	0.953	25.577	8760.906
85	536.311	0.826	1.055	0.948	0.955	26.131	9343.057
86	987.498	0.825	1.095	0.913	0.962	35.459	23343.619
87	579.599	0.818	1.034	0.967	0.955	27.166	10496.773
88	539.652	0.803	1.044	0.958	0.953	26.213	9430.499
89	583.522	0.833	1.032	0.969	0.952	27.257	10603.499
90	544.301	0.883	1.074	0.931	0.964	26.325	9552.609
91	605.166	0.831	1.037	0.964	0.960	27.758	11198.899
92	609.959	0.825	1.087	0.920	0.954	27.868	11332.227
93	580.616	0.832	1.060	0.943	0.959	27.189	10524.408
94	582.214	0.828	1.040	0.962	0.951	27.227	10567.883
95	541.395	0.804	1.034	0.967	0.948	26.255	9476.229
96	499.995	0.842	1.089	0.918	0.949	25.231	8410.324
97	559.698	0.836	1.023	0.977	0.956	26.695	9960.817
98	557.229	0.805	1.088	0.919	0.945	26.636	9894.967
99	593.981	0.813	1.020	0.981	0.949	27.501	10889.855
100	598.338	0.813	1.048	0.954	0.957	27.601	11009.919
101	590.204	0.811	1.040	0.962	0.950	27.413	10786.156
102	761.033	0.861	1.086	0.921	0.961	31.128	15793.160
103	535.730	0.849	1.065	0.939	0.957	26.117	9327.877
104	568.124	0.877	1.079	0.927	0.967	26.895	10186.575
105	556.357	0.830	1.116	0.896	0.955	26.615	9871.760
106	884.942	0.858	1.111	0.900	0.969	33.567	19803.242
107	536.747	0.804	1.051	0.952	0.947	26.142	9354.447
108	552.435	0.810	1.018	0.983	0.948	26.521	9767.557
109	706.705	0.848	1.063	0.941	0.960	29.997	14132.556
110	532.970	0.809	1.067	0.937	0.953	26.050	9255.886
111	610.105	0.811	1.075	0.930	0.957	27.871	11336.275
112	529.774	0.859	1.014	0.986	0.960	25.972	9172.761
113	599.065	0.844	1.057	0.946	0.960	27.618	11029.973
114	567.543	0.807	1.077	0.928	0.949	26.882	10170.951
115	521.349	0.864	1.040	0.961	0.959	25.764	8954.815
116	543.865	0.814	1.096	0.913	0.953	26.315	9541.139
117	568.559	0.845	1.056	0.947	0.958	26.906	10198.298
118	476.027	0.854	1.025	0.976	0.953	24.619	7812.879
119	537.909	0.823	1.058	0.945	0.956	26.170	9384.843
120	547.932	0.817	1.063	0.941	0.956	26.413	9648.370
121	574.951	0.803	1.055	0.948	0.944	27.056	10370.749
122	526.433	0.847	1.048	0.954	0.955	25.890	9086.125
123	486.195	0.831	1.125	0.889	0.951	24.881	8064.548
124	582.359	0.809	1.039	0.963	0.949	27.230	10571.839
125	490.699	0.819	1.048	0.954	0.952	24.996	8176.848
126	548.223	0.845	1.024	0.977	0.956	26.420	9656.045
127	541.976	0.831	1.048	0.955	0.949	26.269	9491.488
128	558.827	0.824	1.067	0.937	0.951	26.674	9937.559
129	571.174	0.849	1.034	0.967	0.960	26.967	10268.729
130	586.136	0.831	1.054	0.948	0.949	27.318	10674.849
