 	Area	Circ.	AR	Round	Solidity	Diameter	Volume
1	452.785	0.838	1.087	0.920	0.962	24.010	7247.724
2	503.627	0.860	1.060	0.944	0.954	25.323	8502.120
3	449.589	0.804	1.204	0.830	0.944	23.926	7171.127
4	485.179	0.898	1.054	0.949	0.972	24.855	8039.261
5	534.713	0.875	1.024	0.977	0.965	26.092	9301.333
6	555.341	0.876	1.062	0.941	0.973	26.591	9844.709
7	517.863	0.844	1.033	0.968	0.951	25.678	8865.143
8	551.128	0.860	1.026	0.975	0.963	26.490	9732.904
9	575.096	0.835	1.036	0.965	0.957	27.060	10374.680
10	485.179	0.846	1.096	0.913	0.957	24.855	8039.261
11	579.599	0.849	1.063	0.940	0.966	27.166	10496.773
12	572.627	0.840	1.051	0.952	0.958	27.002	10307.928
13	501.884	0.823	1.016	0.984	0.945	25.279	8458.016
14	578.437	0.868	1.070	0.935	0.963	27.138	10465.219
15	499.995	0.862	1.071	0.934	0.961	25.231	8410.324
16	522.221	0.859	1.047	0.955	0.968	25.786	8977.280
17	966.725	0.835	1.008	0.992	0.958	35.084	22610.936
18	567.543	0.852	1.038	0.964	0.960	26.882	10170.951
19	535.294	0.817	1.020	0.981	0.952	26.107	9316.498
20	573.063	0.846	1.033	0.968	0.959	27.012	10319.697
21	487.503	0.805	1.032	0.969	0.949	24.914	8097.098
22	537.183	0.851	1.027	0.974	0.960	26.153	9365.842
23	510.454	0.854	1.051	0.952	0.961	25.494	8675.591
24	508.421	0.865	1.045	0.957	0.960	25.443	8623.797
25	555.776	0.807	1.137	0.879	0.946	26.601	9856.300
26	546.334	0.848	1.047	0.955	0.958	26.375	9606.196
27	511.907	0.854	1.075	0.930	0.957	25.530	8712.651
28	452.930	0.837	1.176	0.851	0.959	24.014	7251.212
29	491.861	0.833	1.084	0.923	0.942	25.025	8205.912
30	628.989	0.805	1.045	0.957	0.958	28.299	11866.654
31	503.772	0.839	1.030	0.971	0.957	25.326	8505.798
32	520.913	0.807	1.084	0.922	0.951	25.754	8943.590
33	562.023	0.850	1.084	0.923	0.956	26.751	10022.926
34	587.879	0.855	1.025	0.975	0.965	27.359	10722.505
35	488.084	0.826	1.026	0.975	0.950	24.929	8111.578
36	631.458	0.834	1.064	0.940	0.959	28.355	11936.607
37	579.164	0.843	1.058	0.945	0.966	27.155	10484.936
38	545.463	0.842	1.090	0.917	0.957	26.353	9583.218
39	545.898	0.873	1.030	0.971	0.967	26.364	9594.705
40	584.103	0.856	1.075	0.930	0.961	27.271	10619.341
41	586.863	0.855	1.036	0.965	0.970	27.335	10694.697
42	622.307	0.813	1.149	0.870	0.958	28.149	11678.058
43	494.185	0.828	1.055	0.948	0.957	25.084	8264.145
44	542.848	0.841	1.088	0.919	0.960	26.290	9514.393
45	561.006	0.856	1.049	0.953	0.962	26.726	9995.738
46	497.090	0.845	1.062	0.942	0.959	25.158	8337.128
47	526.724	0.817	1.014	0.986	0.950	25.897	9093.648
48	512.197	0.867	1.038	0.963	0.966	25.537	8720.069
49	494.330	0.832	1.083	0.923	0.957	25.088	8267.789
50	524.981	0.827	1.067	0.937	0.956	25.854	9048.543
51	534.568	0.842	1.042	0.959	0.955	26.089	9297.543
52	569.141	0.866	1.093	0.915	0.966	26.919	10213.935
53	454.528	0.863	1.144	0.875	0.965	24.057	7289.618
54	563.621	0.808	1.031	0.969	0.963	26.789	10065.701
55	531.082	0.864	1.044	0.958	0.964	26.004	9206.737
56	494.911	0.878	1.041	0.961	0.972	25.103	8282.370
57	530.936	0.867	1.045	0.957	0.967	26.000	9202.960
58	519.751	0.886	1.015	0.985	0.967	25.725	8913.678
59	534.423	0.843	1.128	0.887	0.960	26.085	9293.753
60	491.861	0.879	1.033	0.968	0.966	25.025	8205.912
61	531.953	0.858	1.013	0.987	0.963	26.025	9229.410
62	548.949	0.866	1.025	0.975	0.962	26.438	9675.241
63	538.926	0.815	1.083	0.923	0.952	26.195	9411.467
64	551.854	0.824	1.041	0.960	0.953	26.507	9752.150
65	507.840	0.874	1.020	0.981	0.963	25.428	8609.017
66	516.991	0.836	1.113	0.899	0.953	25.656	8842.772
67	589.623	0.861	1.058	0.946	0.967	27.399	10770.231
68	489.972	0.837	1.098	0.911	0.953	24.977	8158.700
69	615.189	0.843	1.105	0.905	0.966	27.987	11478.273
70	552.435	0.851	1.027	0.974	0.957	26.521	9767.557
71	763.212	0.808	1.136	0.880	0.961	31.173	15861.036
72	608.652	0.844	1.089	0.918	0.954	27.838	11295.813
73	562.749	0.831	1.193	0.838	0.955	26.768	10042.362
74	585.410	0.834	1.013	0.987	0.955	27.301	10655.014
75	555.631	0.838	1.075	0.930	0.953	26.598	9852.436
76	529.193	0.871	1.012	0.988	0.966	25.957	9157.674
77	565.073	0.808	1.022	0.978	0.956	26.823	10104.640
78	564.928	0.858	1.013	0.987	0.961	26.820	10100.744
79	501.593	0.832	1.085	0.921	0.952	25.271	8450.673
80	524.400	0.863	1.037	0.964	0.965	25.840	9033.525
81	607.199	0.847	1.038	0.963	0.965	27.805	11255.398
82	568.705	0.860	1.124	0.890	0.960	26.909	10202.206
83	579.164	0.813	1.054	0.949	0.954	27.155	10484.936
84	546.480	0.870	1.047	0.955	0.964	26.378	9610.028
85	479.077	0.889	1.008	0.992	0.967	24.698	7888.100
86	582.650	0.883	1.045	0.957	0.968	27.237	10579.751
87	523.964	0.811	1.044	0.958	0.950	25.829	9022.267
88	956.267	0.849	1.056	0.947	0.962	34.894	22244.991
89	510.890	0.814	1.106	0.904	0.953	25.505	8686.703
90	555.922	0.848	1.025	0.975	0.961	26.605	9860.164
91	1011.902	0.815	1.186	0.843	0.966	35.894	24214.285
92	628.117	0.828	1.031	0.970	0.963	28.280	11841.998
93	548.368	0.865	1.047	0.955	0.969	26.424	9659.883
94	600.953	0.863	1.064	0.940	0.966	27.661	11082.168
95	518.008	0.826	1.009	0.991	0.962	25.682	8868.873
96	520.623	0.832	1.057	0.946	0.953	25.746	8936.109
97	511.762	0.859	1.031	0.970	0.964	25.526	8708.942
98	542.848	0.825	1.109	0.901	0.965	26.290	9514.393
99	536.311	0.883	1.036	0.965	0.967	26.131	9343.057
100	566.816	0.832	1.086	0.921	0.953	26.864	10151.433
101	499.995	0.860	1.061	0.942	0.961	25.231	8410.324
102	584.538	0.822	1.015	0.985	0.960	27.281	10631.227
103	581.924	0.884	1.112	0.899	0.972	27.220	10559.974
104	539.507	0.874	1.010	0.990	0.962	26.209	9426.692
105	518.589	0.875	1.022	0.979	0.969	25.696	8883.800
106	633.783	0.857	1.040	0.962	0.965	28.407	12002.570
107	522.947	0.879	1.095	0.913	0.965	25.804	8996.016
108	525.271	0.842	1.019	0.981	0.958	25.861	9056.056
109	540.233	0.860	1.052	0.951	0.966	26.227	9445.734
110	663.852	0.867	1.135	0.881	0.968	29.073	12866.806
111	592.964	0.868	1.004	0.996	0.967	27.477	10861.904
112	512.343	0.855	1.033	0.968	0.962	25.541	8723.779
113	566.671	0.813	1.019	0.981	0.946	26.861	10147.531
114	542.703	0.848	1.049	0.953	0.962	26.287	9510.574
115	553.452	0.846	1.079	0.927	0.963	26.546	9794.537
116	533.115	0.864	1.016	0.984	0.965	26.053	9259.671
117	540.524	0.849	1.015	0.985	0.963	26.234	9453.355
118	583.376	0.848	1.028	0.972	0.959	27.254	10599.540
119	636.397	0.878	1.021	0.979	0.967	28.466	12076.924
120	528.757	0.859	1.042	0.960	0.967	25.947	9146.365
121	542.557	0.875	1.040	0.962	0.964	26.283	9506.756
122	617.077	0.835	1.125	0.889	0.954	28.030	11531.166
123	524.835	0.803	1.016	0.984	0.947	25.850	9044.788
124	485.614	0.831	1.099	0.910	0.958	24.866	8050.095
125	579.309	0.815	1.090	0.918	0.954	27.159	10488.881
126	584.538	0.847	1.074	0.931	0.958	27.281	10631.227
127	559.844	0.852	1.063	0.941	0.966	26.699	9964.695
128	598.919	0.884	1.038	0.963	0.967	27.615	11025.961
129	585.265	0.850	1.035	0.966	0.967	27.298	10651.048
130	576.113	0.807	1.111	0.900	0.949	27.084	10402.207
131	434.191	0.811	1.085	0.922	0.954	23.512	6805.896
132	472.686	0.814	1.036	0.965	0.955	24.532	7730.770
133	552.145	0.853	1.087	0.920	0.959	26.514	9759.852
134	567.397	0.849	1.060	0.943	0.965	26.878	10167.046
135	508.711	0.819	1.020	0.981	0.959	25.450	8631.190
136	463.099	0.852	1.048	0.954	0.954	24.282	7496.765
137	624.486	0.829	1.063	0.941	0.949	28.198	11739.446
138	612.719	0.807	1.091	0.916	0.950	27.931	11409.229
139	525.852	0.854	1.015	0.986	0.966	25.875	9071.086
140	557.665	0.897	1.064	0.940	0.973	26.647	9906.577
141	539.943	0.855	1.050	0.952	0.964	26.220	9438.115
142	553.597	0.890	1.020	0.981	0.971	26.549	9798.393
143	478.787	0.856	1.067	0.937	0.953	24.690	7880.926
144	652.376	0.853	1.055	0.948	0.966	28.821	12534.616
145	641.917	0.879	1.064	0.939	0.972	28.589	12234.394
146	514.231	0.873	1.062	0.942	0.963	25.588	8772.055
147	539.507	0.857	1.061	0.943	0.963	26.209	9426.692
148	598.484	0.832	1.044	0.957	0.955	27.605	11013.929
149	548.949	0.887	1.026	0.974	0.973	26.438	9675.241
150	507.113	0.857	1.023	0.978	0.963	25.410	8590.555
151	538.781	0.837	1.050	0.953	0.960	26.192	9407.662
152	441.309	0.800	1.056	0.947	0.945	23.704	6973.938
153	500.286	0.816	1.031	0.970	0.952	25.239	8417.656
154	572.482	0.837	1.027	0.974	0.955	26.998	10304.006
155	560.134	0.875	1.071	0.934	0.967	26.706	9972.453
156	501.303	0.873	1.058	0.945	0.963	25.264	8443.332
157	563.040	0.823	1.019	0.982	0.957	26.775	10050.140
158	532.389	0.813	1.053	0.949	0.950	26.036	9240.754
159	580.181	0.821	1.024	0.977	0.950	27.179	10512.561
160	574.370	0.844	1.069	0.936	0.961	27.043	10355.032
161	492.442	0.815	1.124	0.890	0.945	25.040	8220.458
162	460.048	0.868	1.045	0.957	0.965	24.202	7422.813
163	533.406	0.851	1.020	0.980	0.958	26.061	9267.241
164	488.520	0.811	1.038	0.964	0.951	24.940	8122.444
165	542.412	0.808	1.055	0.948	0.955	26.280	9502.938
166	516.410	0.809	1.137	0.880	0.943	25.642	8827.868
167	588.896	0.879	1.024	0.977	0.969	27.383	10750.337
168	554.178	0.851	1.040	0.962	0.962	26.563	9813.824
169	398.892	0.805	1.117	0.896	0.949	22.536	5993.041
170	492.732	0.857	1.099	0.910	0.962	25.047	8227.733
171	553.162	0.855	1.064	0.939	0.965	26.539	9786.826
172	515.248	0.840	1.032	0.969	0.958	25.613	8798.087
173	557.229	0.808	1.055	0.948	0.944	26.636	9894.967
174	524.545	0.863	1.021	0.980	0.964	25.843	9037.279
175	556.357	0.871	1.146	0.873	0.966	26.615	9871.760
176	541.831	0.866	1.040	0.961	0.968	26.266	9487.673
177	471.669	0.857	1.010	0.990	0.958	24.506	7705.838
178	598.048	0.852	1.046	0.956	0.965	27.595	11001.901
179	550.111	0.854	1.065	0.939	0.960	26.466	9705.980
180	588.461	0.887	1.021	0.980	0.970	27.372	10738.406
181	508.566	0.868	1.022	0.978	0.968	25.447	8627.493
182	595.143	0.835	1.016	0.985	0.954	27.527	10921.829
183	590.058	0.881	1.064	0.940	0.967	27.410	10782.174
184	549.240	0.842	1.061	0.942	0.965	26.445	9682.923
185	576.694	0.853	1.052	0.951	0.957	27.097	10417.948
186	400.781	0.806	1.288	0.776	0.947	22.590	6035.649
187	779.772	0.848	1.048	0.955	0.956	31.509	16380.049
188	580.035	0.801	1.036	0.965	0.949	27.176	10508.613
189	493.749	0.859	1.104	0.906	0.959	25.073	8253.216
190	502.029	0.844	1.047	0.955	0.963	25.282	8461.689
191	523.383	0.887	1.051	0.952	0.971	25.815	9007.263
192	530.210	0.868	1.016	0.985	0.962	25.982	9184.082
193	491.280	0.876	1.050	0.953	0.970	25.010	8191.376
194	494.621	0.875	1.015	0.986	0.967	25.095	8275.078
195	583.812	0.819	1.041	0.961	0.951	27.264	10611.419
196	504.644	0.848	1.071	0.934	0.954	25.348	8527.882
197	584.538	0.875	1.032	0.969	0.968	27.281	10631.227
198	583.957	0.866	1.071	0.934	0.972	27.268	10615.380
199	518.008	0.832	1.121	0.892	0.956	25.682	8868.873
200	584.248	0.819	1.056	0.947	0.958	27.274	10623.302
201	570.738	0.810	1.046	0.956	0.946	26.957	10256.980
202	643.806	0.859	1.029	0.972	0.968	28.631	12288.421
203	487.357	0.851	1.098	0.911	0.960	24.910	8093.479
204	431.867	0.812	1.188	0.842	0.948	23.449	6751.322
205	564.492	0.857	1.090	0.917	0.963	26.809	10089.058
206	613.882	0.821	1.035	0.966	0.954	27.957	11441.703
207	574.951	0.855	1.019	0.981	0.961	27.056	10370.749
208	614.317	0.867	1.052	0.951	0.966	27.967	11453.889
209	504.644	0.801	1.035	0.966	0.944	25.348	8527.882
210	469.781	0.825	1.072	0.933	0.959	24.457	7659.607
211	521.349	0.865	1.058	0.945	0.966	25.764	8954.815
212	569.722	0.849	1.041	0.961	0.958	26.933	10229.581
213	669.082	0.863	1.044	0.958	0.967	29.187	13019.141
214	549.821	0.826	1.054	0.949	0.955	26.459	9698.292
215	453.366	0.824	1.203	0.831	0.956	24.026	7261.680
216	531.082	0.842	1.077	0.928	0.964	26.004	9206.737
217	509.728	0.835	1.049	0.953	0.958	25.476	8657.081
218	540.960	0.846	1.030	0.971	0.961	26.244	9464.789
219	566.816	0.855	1.053	0.949	0.961	26.864	10151.433
220	541.541	0.842	1.017	0.983	0.960	26.259	9480.043
221	511.326	0.835	1.099	0.910	0.970	25.515	8697.820
222	515.974	0.860	1.043	0.959	0.962	25.631	8816.696
223	509.728	0.843	1.076	0.929	0.951	25.476	8657.081
224	547.787	0.868	1.007	0.994	0.961	26.410	9644.534
225	419.955	0.802	1.073	0.932	0.934	23.124	6473.939
226	610.105	0.802	1.071	0.934	0.953	27.871	11336.275
227	530.065	0.816	1.042	0.960	0.949	25.979	9180.308
228	522.947	0.835	1.098	0.911	0.960	25.804	8996.016
229	562.604	0.825	1.028	0.973	0.955	26.764	10038.474
230	474.720	0.817	1.060	0.943	0.940	24.585	7780.715
231	530.791	0.830	1.035	0.966	0.951	25.997	9199.183
232	533.406	0.882	1.030	0.971	0.970	26.061	9267.241
233	489.101	0.861	1.049	0.953	0.964	24.955	8136.940
234	543.429	0.868	1.034	0.967	0.967	26.304	9529.673
235	563.621	0.861	1.040	0.961	0.962	26.789	10065.701
236	597.467	0.870	1.045	0.957	0.967	27.581	10985.871
237	555.486	0.878	1.038	0.963	0.966	26.594	9848.572
238	708.593	0.879	1.076	0.929	0.970	30.037	14189.240
239	622.162	0.878	1.090	0.918	0.970	28.145	11673.970
240	575.242	0.883	1.068	0.936	0.968	27.063	10378.611
241	546.189	0.889	1.034	0.967	0.970	26.371	9602.365
242	538.345	0.850	1.037	0.965	0.955	26.181	9396.250
243	525.852	0.867	1.029	0.972	0.967	25.875	9071.086
244	529.484	0.834	1.044	0.958	0.957	25.965	9165.217
245	587.153	0.857	1.012	0.988	0.964	27.342	10702.640
246	559.263	0.836	1.068	0.936	0.956	26.685	9949.186
247	538.926	0.861	1.084	0.923	0.963	26.195	9411.467
248	513.214	0.864	1.045	0.957	0.963	25.563	8746.049
249	579.745	0.839	1.009	0.991	0.961	27.169	10500.719
250	551.128	0.847	1.063	0.941	0.959	26.490	9732.904
251	498.107	0.830	1.028	0.973	0.958	25.184	8362.722
252	561.732	0.855	1.018	0.983	0.960	26.744	10015.156
253	569.576	0.854	1.023	0.977	0.956	26.930	10225.668
254	561.151	0.844	1.045	0.957	0.960	26.730	9999.620
255	506.823	0.826	1.080	0.926	0.952	25.403	8583.174
256	513.214	0.828	1.045	0.957	0.948	25.563	8746.049
257	488.229	0.875	1.054	0.949	0.960	24.933	8115.200
258	483.581	0.871	1.013	0.988	0.962	24.814	7999.579
259	527.886	0.861	1.019	0.981	0.964	25.925	9123.760
260	562.894	0.872	1.025	0.976	0.964	26.771	10046.251
261	479.513	0.826	1.077	0.928	0.959	24.709	7898.866
262	510.890	0.852	1.130	0.885	0.962	25.505	8686.703
263	577.275	0.818	1.072	0.933	0.961	27.111	10433.697
264	574.225	0.891	1.057	0.946	0.973	27.039	10351.104
265	459.757	0.837	1.278	0.783	0.947	24.195	7415.783
266	518.298	0.867	1.026	0.975	0.967	25.689	8876.336
267	572.482	0.828	1.015	0.985	0.959	26.998	10304.006
268	603.858	0.817	1.032	0.969	0.952	27.728	11162.629
269	492.587	0.808	1.044	0.958	0.944	25.044	8224.095
270	613.882	0.808	1.130	0.885	0.960	27.957	11441.703
271	634.799	0.874	1.039	0.962	0.971	28.430	12031.467
272	570.738	0.861	1.043	0.959	0.961	26.957	10256.980
273	573.063	0.807	1.040	0.962	0.944	27.012	10319.697
274	558.246	0.822	1.025	0.975	0.954	26.660	9922.064
275	611.557	0.845	1.049	0.953	0.963	27.904	11376.786
276	572.627	0.876	1.089	0.918	0.970	27.002	10307.928
277	558.536	0.883	1.070	0.935	0.969	26.667	9929.811
278	580.471	0.844	1.023	0.977	0.965	27.186	10520.458
279	567.543	0.807	1.198	0.835	0.949	26.882	10170.951
280	608.216	0.862	1.099	0.910	0.970	27.828	11283.683
281	914.721	0.826	1.113	0.898	0.962	34.127	20811.193
282	581.052	0.850	1.052	0.951	0.961	27.200	10536.259
283	499.995	0.867	1.075	0.930	0.964	25.231	8410.324
284	560.134	0.824	1.046	0.956	0.953	26.706	9972.453
285	475.882	0.836	1.039	0.962	0.958	24.615	7809.303
286	467.456	0.822	1.137	0.879	0.955	24.396	7602.834
287	529.193	0.847	1.071	0.934	0.963	25.957	9157.674
288	450.315	0.827	1.046	0.956	0.961	23.945	7188.512
289	485.324	0.854	1.057	0.946	0.962	24.858	8042.872
290	604.730	0.865	1.030	0.971	0.969	27.748	11186.805
291	604.004	0.846	1.035	0.966	0.964	27.732	11166.657
292	591.511	0.881	1.093	0.915	0.970	27.443	10822.014
293	496.073	0.805	1.048	0.954	0.953	25.132	8311.559
294	465.568	0.869	1.050	0.953	0.963	24.347	7556.810
295	496.219	0.847	1.035	0.966	0.959	25.136	8315.210
296	478.496	0.814	1.133	0.883	0.953	24.683	7873.754
297	465.423	0.816	1.241	0.806	0.937	24.343	7553.273
298	583.667	0.850	1.048	0.954	0.965	27.261	10607.459
299	467.166	0.864	1.010	0.990	0.959	24.389	7595.747
300	542.993	0.855	1.077	0.928	0.964	26.294	9518.212
301	518.008	0.812	1.006	0.994	0.950	25.682	8868.873
302	481.983	0.807	1.069	0.936	0.952	24.773	7959.962
303	534.132	0.866	1.015	0.985	0.966	26.078	9286.176
304	485.469	0.831	1.173	0.853	0.959	24.862	8046.483
305	547.642	0.859	1.066	0.938	0.965	26.406	9640.698
306	554.324	0.847	1.027	0.974	0.958	26.567	9817.683
307	518.734	0.854	1.021	0.980	0.962	25.700	8887.533
308	496.073	0.834	1.021	0.980	0.957	25.132	8311.559
309	503.336	0.873	1.041	0.961	0.962	25.315	8494.764
310	487.357	0.856	1.034	0.967	0.964	24.910	8093.479
311	593.109	0.844	1.056	0.947	0.964	27.480	10865.895
312	483.726	0.879	1.020	0.981	0.966	24.817	8003.184
313	532.825	0.821	1.078	0.927	0.948	26.046	9252.103
314	547.787	0.856	1.030	0.971	0.955	26.410	9644.534
315	582.795	0.872	1.058	0.946	0.972	27.240	10583.708
316	559.117	0.869	1.042	0.960	0.970	26.681	9945.310
317	515.829	0.875	1.031	0.970	0.964	25.628	8812.973
318	525.852	0.884	1.043	0.959	0.965	25.875	9071.086
319	508.566	0.852	1.070	0.935	0.960	25.447	8627.493
320	523.383	0.831	1.042	0.959	0.957	25.815	9007.263
321	518.153	0.876	1.033	0.968	0.965	25.685	8872.604
322	517.863	0.827	1.200	0.834	0.949	25.678	8865.143
323	608.216	0.860	1.091	0.917	0.969	27.828	11283.683
324	530.210	0.861	1.053	0.949	0.962	25.982	9184.082
325	585.701	0.844	1.066	0.938	0.957	27.308	10662.947
326	562.313	0.865	1.040	0.962	0.966	26.757	10030.699
327	630.006	0.801	1.047	0.956	0.954	28.322	11895.442
328	490.408	0.849	1.070	0.934	0.959	24.988	8169.587
329	619.837	0.842	1.025	0.976	0.961	28.093	11608.615
330	563.766	0.871	1.041	0.960	0.968	26.792	10069.593
331	521.785	0.810	1.071	0.934	0.955	25.775	8966.045
332	498.833	0.848	1.029	0.971	0.958	25.202	8381.020
333	530.646	0.848	1.060	0.943	0.960	25.993	9195.407
334	525.416	0.856	1.058	0.945	0.962	25.865	9059.812
335	539.652	0.861	1.072	0.933	0.965	26.213	9430.499
336	556.357	0.861	1.048	0.954	0.963	26.615	9871.760
337	599.065	0.805	1.083	0.924	0.954	27.618	11029.973
338	633.783	0.820	1.066	0.938	0.961	28.407	12002.570
339	593.835	0.849	1.036	0.966	0.961	27.497	10885.861
340	537.909	0.864	1.023	0.977	0.961	26.170	9384.843
341	506.387	0.836	1.084	0.922	0.952	25.392	8572.106
342	625.793	0.864	1.064	0.940	0.964	28.227	11776.331
343	572.772	0.852	1.062	0.942	0.956	27.005	10311.851
344	531.227	0.847	1.193	0.838	0.970	26.007	9210.514
345	566.381	0.856	1.007	0.993	0.958	26.854	10139.728
346	550.111	0.824	1.041	0.960	0.960	26.466	9705.980
347	548.368	0.849	1.120	0.893	0.960	26.424	9659.883
348	520.768	0.860	1.038	0.964	0.959	25.750	8939.849
349	442.181	0.839	1.279	0.782	0.958	23.728	6994.609
350	534.713	0.858	1.020	0.981	0.964	26.092	9301.333
351	545.898	0.806	1.052	0.951	0.945	26.364	9594.705
352	558.246	0.825	1.034	0.967	0.949	26.660	9922.064
353	579.454	0.859	1.101	0.908	0.960	27.162	10492.827
354	638.867	0.855	1.022	0.978	0.963	28.521	12147.287
355	537.909	0.823	1.076	0.930	0.950	26.170	9384.843
356	548.658	0.854	1.052	0.951	0.962	26.431	9667.561
357	570.012	0.855	1.068	0.937	0.961	26.940	10237.406
358	533.842	0.868	1.043	0.958	0.965	26.071	9278.600
359	508.421	0.844	1.005	0.995	0.959	25.443	8623.797
360	526.143	0.841	1.080	0.926	0.961	25.883	9078.605
361	490.117	0.839	1.115	0.897	0.955	24.981	8162.328
362	588.896	0.855	1.027	0.974	0.966	27.383	10750.337
363	507.549	0.864	1.098	0.911	0.963	25.421	8601.631
364	544.736	0.852	1.035	0.966	0.964	26.336	9564.083
365	589.042	0.844	1.038	0.964	0.957	27.386	10754.315
366	606.764	0.849	1.020	0.980	0.959	27.795	11243.283
367	602.842	0.886	1.115	0.897	0.968	27.705	11134.445
368	559.989	0.803	1.109	0.902	0.948	26.702	9968.574
369	557.374	0.862	1.089	0.918	0.964	26.640	9898.836
370	558.246	0.857	1.071	0.934	0.967	26.660	9922.064
371	562.168	0.829	1.043	0.958	0.959	26.754	10026.812
372	557.665	0.846	1.019	0.981	0.966	26.647	9906.577
373	587.008	0.828	1.088	0.919	0.956	27.339	10698.668
374	527.305	0.856	1.079	0.927	0.964	25.911	9108.700
375	529.193	0.863	1.050	0.952	0.964	25.957	9157.674
376	535.440	0.870	1.022	0.978	0.964	26.110	9320.290
377	488.229	0.860	1.018	0.982	0.963	24.933	8115.200
378	580.035	0.832	1.050	0.953	0.963	27.176	10508.613
379	567.978	0.862	1.024	0.976	0.960	26.892	10182.668
380	579.454	0.864	1.042	0.960	0.963	27.162	10492.827
381	538.635	0.869	1.070	0.935	0.961	26.188	9403.857
382	547.351	0.840	1.008	0.992	0.962	26.399	9633.027
383	498.688	0.867	1.028	0.973	0.964	25.198	8377.359
384	595.143	0.876	1.027	0.974	0.971	27.527	10921.829
385	596.159	0.881	1.047	0.955	0.973	27.551	10949.832
386	566.816	0.856	1.026	0.975	0.965	26.864	10151.433
387	571.029	0.801	1.034	0.967	0.944	26.964	10264.812
388	562.458	0.888	1.086	0.921	0.969	26.761	10034.586
389	543.284	0.838	1.024	0.977	0.957	26.301	9525.852
390	539.071	0.872	1.053	0.950	0.965	26.199	9415.272
391	532.389	0.820	1.042	0.960	0.954	26.036	9240.754
392	618.239	0.808	1.092	0.916	0.956	28.056	11563.755
393	556.938	0.817	1.051	0.952	0.959	26.629	9887.229
394	494.911	0.835	1.085	0.922	0.957	25.103	8282.370
395	567.252	0.857	1.071	0.934	0.962	26.875	10163.142
396	547.061	0.815	1.131	0.884	0.955	26.392	9625.359
397	500.431	0.801	1.046	0.956	0.947	25.242	8421.322
398	564.783	0.855	1.029	0.972	0.962	26.816	10096.848
399	497.526	0.825	1.016	0.984	0.953	25.169	8348.094
400	540.088	0.820	1.035	0.966	0.956	26.223	9441.925
401	530.501	0.823	1.067	0.937	0.960	25.990	9191.631
402	559.553	0.860	1.049	0.953	0.963	26.692	9956.939
403	482.273	0.855	1.090	0.918	0.968	24.780	7967.161
404	521.930	0.855	1.126	0.888	0.961	25.779	8969.790
405	501.448	0.864	1.079	0.926	0.975	25.268	8447.003
406	535.004	0.830	1.071	0.934	0.953	26.100	9308.914
407	425.185	0.803	1.180	0.847	0.960	23.267	6595.239
408	576.113	0.867	1.045	0.957	0.966	27.084	10402.207
409	428.381	0.802	1.016	0.985	0.941	23.354	6669.735
410	588.751	0.844	1.061	0.942	0.962	27.379	10746.359
411	613.591	0.862	1.030	0.971	0.966	27.951	11433.582
412	562.604	0.812	1.005	0.995	0.956	26.764	10038.474
413	499.850	0.852	1.073	0.932	0.967	25.228	8406.659
414	539.797	0.858	1.046	0.956	0.967	26.216	9434.307
415	503.191	0.816	1.066	0.938	0.950	25.312	8491.087
416	504.644	0.862	1.020	0.981	0.962	25.348	8527.882
417	530.210	0.816	1.044	0.958	0.948	25.982	9184.082
418	532.534	0.840	1.072	0.932	0.954	26.039	9244.536
419	540.378	0.848	1.085	0.921	0.962	26.230	9449.544
420	547.496	0.841	1.086	0.921	0.951	26.403	9636.862
421	496.364	0.846	1.146	0.873	0.959	25.139	8318.862
422	596.886	0.803	1.040	0.962	0.950	27.568	10969.849
423	636.397	0.894	1.014	0.986	0.972	28.466	12076.924
424	538.345	0.847	1.149	0.871	0.964	26.181	9396.250
425	702.347	0.860	1.063	0.941	0.970	29.904	14002.035
426	578.437	0.804	1.037	0.964	0.957	27.138	10465.219
427	684.189	0.855	1.041	0.960	0.965	29.515	13462.565
428	596.741	0.874	1.042	0.960	0.972	27.564	10965.845
429	637.559	0.815	1.076	0.930	0.959	28.492	12110.019
430	521.640	0.835	1.123	0.890	0.953	25.772	8962.302
431	571.610	0.891	1.073	0.932	0.972	26.978	10280.484
432	574.225	0.808	1.035	0.966	0.950	27.039	10351.104
433	574.661	0.829	1.054	0.949	0.957	27.050	10362.890
434	489.391	0.868	1.036	0.965	0.965	24.962	8144.191
435	570.448	0.840	1.041	0.961	0.963	26.950	10249.149
436	556.067	0.857	1.078	0.928	0.962	26.608	9864.029
437	574.515	0.872	1.044	0.958	0.969	27.046	10358.961
438	485.469	0.845	1.019	0.981	0.962	24.862	8046.483
